7024586
1884633
890811
3721505
1813080
1277402
6530132
4925946
7210627
6759890
763990
4056894
2897136
4589474
5725641
231414
2899069
4316118
6625864
1138303
6095118
4521489
2333930
869061
1263857
5163695
2452278
6978743
4925743
6393216
6126499
7371566
2888543
2121396
5665534
6390481
746349
2334014
6121772
7024368
2929693
6759832
850133
5312997
4969031
1776813
3711316
299323
2397464
6124153
6321687
681711
1812919
4954018
2895581
2321016
287437
1264371
6636621
4413992
2896252
2122763
4322689
4724362
6707031
819000
1884707
2444518
6758910
4320010
2122165
2303414
4598558
4322882
1885784
2886444
2081371
2887502
2897648
7269035
6759768
6336160
6721670
6743104
2903556
883897
1412092
3896116
6757800
2333868
6127904
7407095
883471
7206764
2453978
6978872
2362630
4723328
2896381
2093122
802065
1334486
2108923
5262352
2896418
878686
871779
7366637
4316509
1131480
4721278
2109039
5187515
831142
1201396
6732036
1263240
4319670
4720988
2897737
3975126
1263278
6987743
6061907
5105985
6090143
4925792
6703136
7265616
3700226
6758122
818922
1776563
6757989
868313
6124706
2333184
2896045
311974
6083060
4991444
695740
4313321
6987592
2447017
1789833
1835727
2445106
7246206
1882855
306448
6321123
6406983
4320561
7191747
318460
3973850
1272675
2288804
6760666
2295233
4044426
7042871
6955658
1888934
1201116
4648398
2903899
6983016
4064206
1016515
2320608
1263200
1883194
830763
6135115
4262586
6340282
7278786
4914962
4941162
7246300
6061102
2904328
2446502
876737
2122152
4953962
2445019
5722868
3966842
1884428
2397756
4695671
1273143
2107629
2309932
2931860
1263224
288813
794554
2903783
4719963
6766513
1883146
6066870
5136849
6396729
1269570
832213
7018409
5735214
2333548
1173880
1889079
6127378
4315816
1635151
2080258
4724028
6758416
5660787
1180926
2121430
1208960
4992564
1216525
1268146
6497830
2403817
1395803
4679352
6327060
6571591
6707218
704184
286943
5723696
1882876
5915480
4498589
3793253
1789141
3974881
2905336
635891
4992856
4870396
4598592
303042
2107878
2095805
2093077
2908045
2106971
2220487
298046
1813436
6048720
1262178
5164478
2122700
5681785
1262351
1272223
6041975
6742713
3940183
7246072
6394244
7246280
2309927
2320496
4266925
1130104
4432866
6117007
4276062
4054138
7391896
1889518
5115230
1265288
4674864
6999030
1806797
4664054
7044621
1883760
5643126
6066804
871666
2929718
6394049
3725509
2886603
6694097
1788448
1275475
3896646
5735289
1411386
2393110
4468803
6096263
2402768
1675625
2414311
5723368
2332813
1268398
4682925
3979753
7252011
6651933
6117173
5134650
4568359
1806775
1766634
5711590
5134512
1278235
2107673
1900817
5721117
1884122
1885090
2309811
1819471
2452300
3930079
1802598
5309634
5152601
4721337
6987564
7015535
4173007
5106365
1901957
4325457
7191897
3116031
4172906
2907809
2903545
868193
1802516
670299
289458
6973067
4930244
1209966
6895200
1883553
7044172
875277
6397746
2908069
2444221
2886726
6348381
2888899
4026907
286653
4014157
1262392
6979273
5165939
1261342
2334722
1272196
2893656
7237665
4663978
1268063
2446833
6397183
883390
4721520
5144607
3147009
2886623
6327764
6999921
289496
1274250
6689169
7371716
3966853
6391977
4994450
4315995
7438168
2896362
1888794
1546632
886538
5172312
1181587
1474290
2897295
7018370
869975
1274669
2893320
7221586
690729
6047817
1766668
2890399
314808
879691
2393132
6645469
7330433
5127335
325642
4692086
6757830
296816
5114771
5145155
5720904
290316
6717540
875134
3915191
2389055
5723831
3923585
2362559
2903566
6018838
2897952
1621725
868639
5902865
2122592
4935824
3974598
2334257
2907903
2887219
2885433
6389558
7327314
2444695
1884660
1374400
6035008
3974216
193480
6510178
2443625
2369974
2346029
1884934
5949706
4880297
4535633
2443239
2903694
2220087
295807
1261621
1263444
770941
1877214
2303374
2295906
2361579
7206586
900765
3230807
2093750
782073
3876407
4960261
7057842
6136815
2889041
2887662
6390783
6978914
795275
3960930
5640320
2121829
824978
2369122
1335277
4323574
2403695
802636
2452748
2893803
882889
2345340
2446232
3244066
292527
2931954
1264043
3795245
6066900
1280673
3985072
4998334
1904636
2107192
4992695
4664443
291946
286475
6745921
5943566
1883674
6336116
1276993
895633
4926025
1888924
3798126
1776899
5949742
4317558
2894243
6625746
290565
1885236
3220121
4930481
1280193
5165986
318012
201207
5716789
1267842
6321499
2295739
6448719
2896186
3706095
2355959
7264593
4313697
1138339
2444833
879735
2452398
2403105
1889521
7266542
2397797
7040866
4054854
2333130
2396697
2929290
6041877
2895239
793483
7272947
879939
200306
199707
2445068
4722039
5127158
298004
5106922
2893453
2378625
6351448
2295560
6721619
322121
291299
7459343
1291236
1888856
5642520
1776859
2443546
150811
4682818
6589666
4323360
5656067
2446661
2452011
1587094
2122981
5144774
296717
2446764
6998998
871919
1890063
868070
1172578
2443607
6035065
6906033
685215
4531242
4691821
7272915
1044633
2396652
2220644
5144807
1788405
4316241
5721105
6460998
5688336
296871
2445186
7246021
788183
6759979
6389778
1798851
1883053
1277442
6739989
2093141
7042924
5106958
3792429
6760046
2452164
7337433
207921
6391788
2295350
3758790
298002
6759800
875065
1888099
1883055
6055825
6986940
7238053
6993746
6118007
3062593
7308188
5985766
7450215
3219304
2172406
4509536
2252868
4872582
6949561
684212
7423692
6504801
2252623
6936315
3897095
7410933
4852826
1653147
1469815
5969666
4551387
4573021
680361
1666835
3217613
7380984
3212822
4897597
5203891
3921552
6877495
680283
5945082
623567
6910025
563652
2079485
3053228
7341554
5301126
3057214
5319224
2252274
6877796
6946325
5273891
1396331
4509800
4422099
2111524
1622152
6648101
3217536
3889009
3906818
5985859
607934
1443555
3054562
4558716
6512791
539138
1382324
3051807
674118
6929432
3058808
5267666
3829761
7393118
3205949
1634973
7407680
4504559
2079813
2139596
7343258
6929679
3005903
2249102
2109306
1481015
1665789
7323939
4461397
2111517
7386061
5199407
1658430
1477334
1616259
4572939
3220462
4852292
654693
4563560
7319407
2096614
5915430
684446
4432963
684967
2252744
3052394
6651704
5203826
537246
5975033
6871918
3196664
1661413
3928041
551546
6444033
5982321
6625935
2081361
1661647
4459236
2259349
4563546
5975998
7349731
4579672
2253490
5242899
2954304
2252718
4390274
7402813
6899297
4838623
4536169
5987748
7391964
4458967
6919546
5246662
4579907
1455458
3928064
5246039
2139791
3215133
2133129
3196340
537062
3170860
1325764
6522333
1389039
4433077
3064631
3050848
2239877
4853217
4388818
7294356
1661906
1615883
4362729
1662130
2194897
5984761
538163
2111209
1691093
2109637
6513945
2189341
1658228
1652754
5310624
654557
6444678
6512486
1531019
6604806
5309836
1679305
1480722
1524424
2257609
7349738
6940239
4516620
7326874
6915982
5206956
6616445
1481117
670969
691865
7307751
6940300
7295075
1476157
5977784
1476085
3059775
7450974
1663654
3165485
5200006
639451
5203452
2243341
3060075
2986507
6516912
7411605
681751
4551072
6508812
6889940
7449330
4531731
7402976
1471971
4433720
2220841
1463539
3210273
5191980
5206473
2249291
6645054
4579152
2093503
2981440
4422269
643077
1430516
2226632
1467390
2206483
7450248
2243522
678546
7446486
2252212
1609801
3054859
3210480
2095859
540267
1470355
1465173
6939574
7447689
6518793
7316392
5284456
6513279
678380
3063033
6528257
3213196
3003444
1635084
4456132
5243066
4590103
5225157
2159852
1396083
4590364
6949855
4438877
3218435
5243005
1481450
3222868
6504232
3215096
1476027
569455
4463831
3906587
2249510
2248995
3213150
7307866
1443220
4566810
1359743
4583403
4515879
6609296
6916234
6640925
6636785
5330956
1481166
6504393
681658
635666
3055280
1652075
3214168
6902427
7352808
6922608
4899929
7308193
1670696
6589065
3922546
6512864
686469
2230650
6890477
1676850
1572579
3050979
635874
5944450
6517025
5203864
5243109
7407695
6512776
1469772
2230484
3164495
1659026
2081676
2079419
2252394
1664766
3051991
3220962
666377
1438178
1671018
1525131
4550739
1546004
7427061
1676807
6919941
5982209
680262
670512
5331057
1663266
4568817
6884594
649373
1635523
648939
1325886
677085
3033690
2252704
4902851
7294768
3218557
4434473
3108467
6939644
1467426
3855935
4427472
1389777
7402911
4579562
5242611
1496097
1470825
4510107
1616240
2080477
3170810
6597797
3205654
5329434
2153026
6919758
7403413
6427959
1360564
6565012
6565121
3925301
2251932
1587879
2159190
7425575
1466718
2194972
7402809
4899242
7431204
3057572
687251
1661980
2954475
7307454
4522110
3220249
649215
7443143
1573593
7386332
5981078
5984649
2248490
6555377
5274066
6898980
1662267
4551089
6947083
3212673
1476920
4362206
1538780
5246265
2960823
2146848
1479542
5936086
1571945
3211893
3029968
7386487
6517199
4455587
4897715
4509235
677887
3053195
1443298
3165529
5198839
6949511
1361135
6651799
1374139
4839489
4438749
6512103
1467352
1573734
674979
694057
6432306
6895048
1373743
2159138
1621321
1640280
4404806
1464022
1559144
7448313
3059975
673198
4550937
2947796
3922569
7392488
5204317
6579395
3924982
1662912
1473921
5976694
2095310
1434073
1665248
539977
3209577
4526647
5985458
3214437
4418538
3058737
3221376
2080025
2133424
4439931
6889753
7386452
4439646
6909266
3918428
1476106
7307039
3210532
2109352
5263534
5240921
3219027
4593083
2252806
5328131
4394847
4504425
2947435
4834161
5199989
1490463
4509976
4596346
4455879
2226633
1474742
6510481
4433767
3108573
4445540
3218984
7385293
1420199
1473955
1471604
4897611
4547056
6902445
684524
5981853
1418484
3218785
1464197
5206620
3042461
1484285
2080577
1678094
3052020
7357985
2230660
5319347
7345415
3055383
7355356
1669557
2206643
3064997
2235383
3180818
666620
684947
6906497
7426986
3052184
6919816
7315676
4439820
1666790
7450929
3209544
3850431
3037312
3063262
6648307
7385532
6602991
6648136
1466966
1463887
1412476
3222906
6438245
3037339
5978900
1661538
3219162
6518315
1678542
6883590
3927120
7295229
7343525
5191525
677076
3051906
3054034
2197122
5977316
3850387
7385318
3055066
4853994
5995593
5982480
2080291
2159673
1474452
6649617
4902699
1438113
6590322
4583586
1622573
3210325
2206637
4537765
5243138
1470768
2230580
5203416
3210666
6423355
6630163
1661632
2248775
689069
2248804
3217707
4454107
5273605
1651789
666806
3056513
690539
2197361
672284
3881766
1565190
3215098
5284647
4593268
675363
3219187
7307393
2159851
1485466
6518141
5273866
4432943
2079770
7358042
1481447
5892776
7385316
7355544
3051478
6510148
1474031
2146736
694820
3219133
6890807
689295
604109
3065526
21404
5481616
16373
22140
19628
5507670
19625
24212
7683
28099
14765
14493
10763
24381
25098
5507663
18464
25128
17613
25298
25076
20624
18361
13617
9427
10409
8167
21366
21801
6796161
18255
15949
27562
5478525
9359
28698
11208
8770
13440
18562
23659
12567
16316
16478
25682
8592508
14111
9296
22377
6402194
16770
21286
16934
7209
12779
21308
28591
17202
18116
15508
18110
5803899
13097
11717
24758
16107
13093
25110
15609
27614
5474208
22014
5107190
25644
23050
6643428
6035369
14294
27351
9753
9898
16731
24021
14215
17712
11341
27288
11519
24062
27823
9003
25330
16279
19859
9188
8801
20541
17957
24183
14727
12707
5499528
8796
7770
23897
20900
28285
11855
24664
23592
23011
13975
21256
5207792
15366
27752
11787
15177
20718
12179
7621
16768
8172
19622
18583
12452
11132
10345
26185
5490001
16663
12996
23369
19657
14224
27340
27698
14794
5466803
8581852
8457
22070
24463
27305
21743
5503627
7105
10231
28370
24513
16910
13215
25166
25059
25174
9156
6024969
25768
27810
9639
24435
5124475
11542
22843
18998
26542
19484
7532
19897
14789
14825
18429
5483471
5958021
10905
9542
17745
22925
17833
9711
19314
23964
14072
16047
13639
5462221
15571
8387
10771
8099
16177
10601
24473
10712
15491
24159
4399948
17775
3937947
17361
22179
28327
25410
14462
19067
25463
9971
17894
8490
24085
5476268
23106
5468557
11619
21873
27913
11828
17296
23626
11241
19763
19739
11382
27481
4449372
26210
26477
12705
12793
26243
18345
5483456
5962540
22386
8737
10612
28265
26149
16051
8244
24916
3736939
14196
15139
9453
22927
13052
27735
10854
6892
6966
17921
8592511
13161
19786
7916
19249
14481
9070
10993
25538
7302
5464258
20734
9128
22295
27261
25030
15732
16360
9837
12331
21678
27423
28219
18484
24637
17450
24622
8587472
17793
11116
6881
13737
7857
14122
18947
20868
18504
10821
16498
6316368
13827
5489919
3906658
24172
26084
7398837
24073
14603
9766
24989
12120
20154
18408
7540
19644
18873
21701
893090
14800
25050
8783
14985
9884
13261
27015
25045
9411
11546
26265
8710
23300
11403
9066
27644
8705
18445
19213
23094
25057
14460
22513
14651
10443
21222
22930
13618
20806
25345
24087
17860
28278
1545079
18971
12697
14592
10606
23008
20109
7528
19829
26086
16414
13846
26939
22348
10572
9616
14751
27916
18783
17473
14396
22796
17141
7435
18603
16073
4584288
19506
11109
14517
9313
4448933
5464250
5674293
21899
15988
4289350
25883
11829
27896
8578981
17179
25643
28511
23138
22777
27358
10985
8791
6665468
18894
14524
27924
4276915
26486
21169
11908
16532
26726
5492259
24752
9382
8579422
8624
18745
22606
6992
5957861
22282
9769
27771
23836
14730
18075
19400
15886
13482
12207
21534
18972
20763
22735
5464255
11103
22400
20057
13246
27999
22549
15817
27453
21496
13114
25734
26797
26619
21117
13792
11119
19538
14739
26933
25826
16625
22978
15437
13465
11030
25011
19250
22784
14469
13415
7625
7195
10445
25316
6110540
25927
6603
5495911
14848
18534
15713
11088
12706
26527
19491
8688
10654
19405
12153
25509
5485447
13770
27278
28636
5455591
8573
25859
13910
8052
21982
14011
28168
8384
14055
12703
19202
23517
27137
10279
8930
13681
10628
26666
23379
28599
9843
21268
11058
22183
17631
24121
27058
27289
17457
8298
22897
27050
18333
15158
16144
14861
10500
17858
7243
16973
14775
15907
11446
6852
13067
16938
7677
23285
13816
12961
14348
9366
12742
4700124
9433
19884
19695
15722
22682
27319
23733
26759
8179
22296
18594
9320
17310
5463884
5973810
18516
9795
19855
11962
15234
16458
24464
23811
28622
11795
25593
1652630
27835
14427
18174
4400079
17324
17672
16564
26167
10275
6828
15239
8253
22948
12827
15901
12139
6644
26584
10039
24274
24104
19738
20102
8819
7691
14016
28429
14669
16683
24327
14403
5670684
9669
6668
21237
25266
15661
13017
19864
5468473
18589
19617
18001
13473
18817
20182
21340
13350
25874
28610
9293
26982
11541
8740
21476
19101
15442
6915
24434
17439
6819
22481
25036
23059
22172
11343
8391
21451
27745
24113
6430707
24670
10914
25575
8850
5962188
14178
11187
20553
10203
8230
18413
24804
9341
25764
17166
13087
12498
2189675
4839726
3215451
636374
2827386
2197178
4231927
2423717
2891281
7408258
771353
2357754
6733129
2237233
5157848
7025301
2393386
5291455
2430067
7334921
1820374
2334698
4963978
7322026
7427872
2323084
1609645
2890404
6899526
232331
4709843
5237840
2133725
4576718
3006266
2322301
7026341
5150394
193904
2987063
4834765
7269741
1640761
7018826
4954899
2185640
2096449
2337758
4930780
4947722
2160293
7045124
6511080
6733420
2362882
6920152
2890018
2364135
7436517
6707340
4707459
7386541
7392758
3209666
2196762
5692642
6895676
3911556
7041515
4724916
1615686
4995110
1777769
607789
5304327
4995918
2140782
7403727
6494052
7386042
2323190
7017220
2890663
7404241
2380548
869540
6743042
4989409
5109913
5225728
7351441
2336076
2891715
2423246
6050369
6983994
2908580
6722326
4580712
2323586
1211158
5123206
5225907
7232854
5232619
5108272
5107669
5137320
6513580
5329764
1131438
2334821
6979086
221279
2172722
2097165
5111147
3967505
5237556
6761485
7041759
2172781
674907
1779119
7337723
7444955
2081023
7248517
7387092
6946906
4888684
686918
6515279
2398376
2898762
1221683
7414447
2419367
2198054
2196400
6722631
2133683
6565006
6727328
2364100
4722874
6713801
303860
5166130
1879558
6741406
7442723
843184
2391166
2140697
4948115
7392844
5311090
7038913
2891743
7295167
7392240
6974520
6884969
6733199
809279
4954631
2289032
2221175
6989465
2112805
4901242
4654321
7250906
5148004
4900829
7269453
819681
2235885
6056717
2365701
7295692
5237266
4710299
2198143
1236323
2363043
1862401
2399894
7386237
6025058
1879129
7436990
4931168
7428006
5192106
4295770
291809
5150711
4957133
7427866
6940257
7320183
5319476
6940864
5117628
839159
2423480
193850
5132212
2391519
1210980
1892553
2398480
1346519
4708112
2391701
7448126
3764004
7431321
4888707
2890011
7308462
7253340
7407240
2891217
2235767
6707608
5150632
2428455
2220763
6057067
4591668
1194045
4996298
2161072
1841421
4885491
2379683
6730339
2357927
4931303
7250681
5219493
7045200
7246545
7341079
4263534
7317029
4980158
7442514
5273778
4710321
6109972
5657557
7423462
7427837
7442880
2827291
2419308
6733735
2321908
6987933
2335486
2323044
7360726
2113903
2890167
4558615
2207716
1836475
2356815
7386653
7193375
2208414
7248420
2424918
2196631
5200789
2189808
876206
7232851
7252454
6703939
7439054
174742
7439134
2231303
7338531
6689907
4724583
256159
2236654
5147880
2081565
4707516
4654806
5711496
7246472
1438227
7207927
6713471
175167
5319574
5329784
4527360
6884340
809000
5313966
7039196
291469
2236528
7416290
2235145
4527671
4901798
7235474
5225966
7207811
4951820
796737
5108470
2398444
7449898
6740614
4903509
825820
2429942
2197926
6073445
5116742
1264556
5204325
2364017
2082228
5166129
2375795
7265399
4973599
2380072
6049724
2357878
3215655
3127784
5152754
7016390
5643110
6987985
4018208
4716808
7360956
2948603
6934670
4930898
5145573
1335412
7035891
4559672
2420832
6878077
5329719
2390910
2379871
6920696
4944675
2429037
2398717
4996268
4710262
2310485
2419678
2347295
1820624
2133691
7004742
6922811
2363957
2334859
304804
7251233
7228291
4945177
2235896
5263336
6590475
5109102
1622417
2423789
2391790
3165846
1847816
5225549
2404496
6633320
5247746
5155089
1374765
6042816
2898534
5145259
2398749
7362246
6899377
7403258
4464197
2365132
4576235
7453301
2405549
6934765
2400075
6036552
5164959
1531708
7436122
5123291
2082423
4951703
850963
2190243
7263039
7427288
4973776
2198435
6884289
6974085
7427121
5145272
7361155
4439863
7442564
2189689
7360712
1210966
2112803
4499266
2393302
7442661
7207260
1202647
2221008
7411511
7246767
6124873
2362990
4965963
2172937
5284769
5193033
2160556
2197867
7039557
4936380
2874367
2425133
6973471
2322685
6896131
6973700
2427922
4900670
7386133
7320634
1467165
6515981
2198579
2161219
2398094
4551049
2097037
7385987
7269804
3885660
2196511
4705391
294562
803084
2323093
1531405
4544042
5148047
4982498
2391247
4966542
4901531
5199362
4992159
7029099
2231851
4880881
4390068
247107
7393151
4668768
221320
7393491
2095701
4993175
7428995
2096914
6086838
2430076
6689659
2323506
2410379
5222988
280887
7301110
2237289
2891749
2198502
5657849
4993264
7386312
1594725
5107180
6920198
2363393
2890560
4703630
301511
6695196
2392032
7301356
7247375
6745822
2235347
7356636
7414454
5328396
7222414
2236391
4655739
2283298
5152787
2283378
7003799
5187860
1640326
2398761
2409427
7222134
7003366
2863879
7230798
5140877
4710844
2097846
6630125
4655672
2891089
7399551
2337619
4982140
2948396
6383137
1443326
5243766
2221454
2206569
5137407
2321913
2370511
4982372
4692612
3165751
2423720
5161784
5115511
612728
7407171
5237435
4888780
2231737
4587200
5135623
4710583
4655895
3028383
2322085
6756101
2375984
7244644
7259355
4853786
6062786
4995164
1890886
4994553
2391409
1242400
2398437
7387488
2236827
2827242
2082594
4375597
2357730
2400145
2227124
7267842
7428935
7207157
7207222
7250722
7393196
7427700
563939
7438666
267928
2096690
5188227
7025161
7016076
6523044
2160686
4973237
2172454
4707359
7270234
1881382
6946956
6118927
4668200
4668538
4977026
7207109
3215599
1425926
7251379
4980861
2827399
1891128
7295660
6984078
2336688
6753860
7408136
7294951
6513503
6100801
2379564
6729982
1175010
4692741
7320520
4692820
2097751
2391433
6747622
6150509
5092512
4112972
3546806
2625627
7084642
2012203
7089553
5601386
7079505
4109411
6284893
7105306
5580851
2757111
2593357
1057559
2056575
2619468
3360894
1909491
3565904
6272044
1910035
3300082
2618372
1075173
2605798
2714633
2570817
5047876
3633091
2473802
3378475
5214192
6193265
5095709
2716540
2619086
5006728
930041
963129
7172137
6257019
4086408
930996
5587760
926842
4104381
3561395
488306
2724135
6290246
2536286
5016631
2619172
3468482
2707471
4138100
4190809
3564977
2507382
5578030
5719392
7131437
4095108
957590
6155556
5581542
1270884
2541006
6290010
1093631
933222
5532807
1909316
4092640
4179343
2622257
2733028
4322323
1089068
3494974
318788
2461167
2703645
5037652
1050599
4123622
2732621
2611483
6162691
7049031
5544955
1025219
4210300
1015478
2559793
2739172
6198264
2622314
3559496
6130324
7149873
1071490
1282146
4110180
4131861
937452
369430
4200572
4457398
6181958
6282789
4337715
7171794
6995346
4404991
1084114
6662450
5081366
983967
934773
6241543
4091908
1053697
5585874
2600406
1114042
5044366
2734302
4824450
4208863
2712082
2757975
5592989
4814708
2698406
7179346
4199393
1122004
4814691
4186058
6885673
493183
7160913
7454768
1109007
7324926
1977759
1121663
6153864
4141260
968604
2573690
6037609
919100
3381935
1009847
6160368
4688372
4771218
6265592
7374590
5014366
7154388
979959
2528890
1056892
1090825
2511404
2618357
3479224
7086048
7070211
1106946
4153953
7150669
7165561
7018868
7161531
4106268
7369110
3424593
6282794
2901457
7083752
639694
3673066
2587204
7201140
2703530
4995377
6515922
4816258
896345
4055713
4209494
5085042
6255999
4137102
2506652
1897264
4599819
1103245
2535354
930404
1098515
2261880
2067641
7087119
967670
3550076
3636170
3360070
1087456
5050793
4466623
4319110
920927
2732402
6397991
5014862
937468
1092802
5174827
1065615
6679834
6168883
2585899
6205843
1062319
6154522
5025582
2503581
6210750
5039396
4727990
5951884
1084791
7089867
7151993
7112382
2654652
6271776
2581019
7098129
999734
964305
6857457
2548511
7071883
2643622
7321509
2745769
7105914
4148334
922091
6197609
5019138
6266996
4910653
3542388
2505185
947971
7270883
2629120
2548950
1896964
3494931
5722584
5017410
963933
4090715
943132
980098
3360965
4135033
6194173
2633493
2590098
3061824
7074525
3380146
2586228
951362
7459566
7182408
2626732
957293
7094704
1482617
6271393
2842014
5031743
5035159
5515556
2055983
2566240
3306160
2674124
5386221
4118819
326835
6952803
2579275
7081859
2893088
3810013
2739499
2517045
4092464
5015805
5080566
5019350
4995721
7165944
3638099
2056433
2601099
3432851
4919216
989793
4141105
3644973
3383879
5045023
1052433
6271309
2548245
2534426
928916
1478167
1058753
3378408
2739485
2667267
5386049
5037870
2698424
7078178
7112503
1068609
2540517
4176212
5036843
3797644
6285719
2731984
3540770
3496261
888701
4333896
6633523
4123705
2534390
5048790
3013142
3561365
4734788
3509165
940505
7067802
6175297
5109499
982491
6272170
7150594
6655682
1022449
1081409
5040448
520295
6174003
5761520
4906046
2576602
7098133
1844873
4095290
6817096
920917
2510724
304769
2614002
6831340
5077276
4812331
923523
2568071
7161165
1909384
7360827
4327369
4904617
962491
5040784
3410785
3071520
2055709
6268547
6213515
954193
2261425
2554573
2750309
4135664
6256085
4747838
1999694
893218
2741288
2919997
6167709
3809956
1118640
2533471
6625025
5139865
833011
4180702
2625333
4119309
1053391
5015444
6231047
5849373
7184074
2533300
499404
3356384
6219303
1117038
2538247
2168174
6283435
6979497
7105518
2720776
7091752
2737458
7361201
5095486
2756446
4592947
5636661
2753039
2261962
2546011
7075022
6256567
2739157
7079497
2574921
7093981
6119310
6469549
6192906
6227546
2753779
5983922
7201305
2627030
5982912
1054055
980841
7134609
3382342
1010487
6229453
2674811
2036546
1093012
7419842
4812713
7063113
5223219
6193411
4587546
6180099
300126
7091106
3561020
2508788
5216293
3306156
7428921
4873088
5020517
5558805
4102935
5601225
3380456
5986865
2532174
1089975
6201094
1271005
2700289
1054306
5015839
1033287
2523118
1010790
1119549
1069487
6187759
5084230
5814089
6191895
2723865
4157386
2051835
4109405
2625476
4176453
6176652
526326
5590838
3637248
299935
4088721
3379910
2450998
5101335
2502324
2506623
6809317
2627180
7112597
6253885
7158865
6527431
7400164
6210290
3359373
1283536
3645215
3666163
5204730
3677261
2613000
6398888
5821716
1279543
446182
941860
4196002
493098
6276585
5852547
5011278
6259714
1058921
5721494
5088588
4457651
4180557
1100192
932623
3581661
2543593
5017306
5343005
2583042
1088051
1121096
7084491
4980412
2543144
2596180
4175232
2567866
4181077
4101634
7431586
3940514
1999284
1070006
5048765
2583284
2736862
4194283
2570514
4124231
1090355
688372
7376942
7087491
6960056
3541085
6945148
5021035
3385516
1106073
939683
5064163
2701821
4814089
2459295
956756
2726453
7075914
1102692
4056308
2565703
2623930
6211119
1300163
6126039
7374454
7128050
1054164
4179255
7118308
1984324
2718976
933530
978875
4184715
1102256
6293329
5696986
5989480
7374974
960801
2460772
4148073
3223386
7084962
2530388
5618157
2494691
2508105
2519726
959242
7011679
2665824
3427488
5092007
209288
4198342
1039212
5148739
2525782
6743541
6037531
5036909
2557998
7274855
2449833
5557601
247180
2457507
1588825
3653495
5560743
3726244
1779693
6050325
7337714
1791140
1426168
6080043
3475915
2254648
5635870
292987
5725442
1897118
1887552
2127559
6990571
6428384
1175193
1767539
5670558
2477464
5169009
833126
4238486
5207669
2260079
7414593
2920214
5692682
7041957
3654036
2475299
3181862
5263769
2477165
2911990
2948908
2450330
5652976
301966
4328958
1553353
630732
1539438
7412098
202564
4993683
6761360
814325
1886627
4955542
247043
3631893
2475990
3594664
5166795
2491225
3610051
3746434
1478188
4276898
1547151
6947418
6511231
5725231
3669627
3537050
312083
7364570
2493650
1779671
3402829
3414168
6519835
326386
6707957
1807684
6911346
4901722
3524508
2365339
6119410
6743458
7420136
2911813
2932886
7420167
3437920
5568350
6650224
240360
5194164
2257147
1361477
3316086
2477161
1487502
4865007
7428861
2448716
2491755
322300
2462179
5133944
5174441
2893073
3432191
7343820
5332121
202509
6906825
3515951
6903286
1897949
6926370
3996216
6950647
2473513
4285179
3632573
2488908
6119210
6057345
6087340
2492836
3968950
3631729
3580855
2473433
3897637
1677583
3581172
5925994
3327897
300933
2259579
4255270
2474432
7267835
6603864
7058456
6433886
5274694
4511076
1434833
2478746
7270338
6125373
6653741
2911549
5227256
873606
3223005
3803171
2492734
6051236
7416673
7412008
833157
6068698
5604697
1887889
294831
5559694
166402
2399060
3639525
5137877
3229293
5727376
2900876
1485922
4722672
2902121
2444039
6658068
294582
4510657
1896062
2489719
6990375
1820989
4727197
5603674
2489327
7420402
6956933
3605735
7365933
5719020
2256918
307237
4961424
877599
6741050
7424810
2198422
3462334
541400
2474420
3521256
873674
3408899
3975731
6598575
5174769
6603981
307569
2925290
2255368
2444050
4418997
2491972
1779410
1547110
3474969
6130062
2371681
2475479
2364331
6653936
2198285
2910494
7316683
4598023
4996249
3013123
6474198
1487515
4414548
7324839
7056212
6050467
5643682
1472563
5248455
1892302
1203056
7387280
7211556
6945173
2208899
833174
7436601
3513124
617426
2901207
3592710
2415494
3408958
2336308
4904518
696690
301234
1266406
2449101
7403955
7436958
2250170
6891540
7337802
3182016
5604451
7232997
7225374
5657764
1382751
6598458
3535621
7322311
7414397
1831352
693031
300837
2336497
1901610
809424
293179
2900761
5986444
4850254
3415770
839516
4009894
3604915
3504833
3609141
2257159
688523
5169628
2892484
2348381
7201553
4733237
2475142
202214
4906497
301269
6700548
2141023
5988914
4840504
5946612
5554247
3071689
5603490
3351797
3316472
4018774
6395380
2473304
1375257
307221
5637211
2488616
7046628
3764135
5726809
240557
4901351
7399944
2255088
293474
871241
5590708
7431809
1282150
4595654
2451261
882844
1792389
2364694
2765332
3987082
6116754
2491848
2915728
5310776
4499299
6073891
1478277
3731376
5117215
7412321
294253
6520182
1291769
5200424
2495833
5145771
2493575
4462467
2919480
5548234
4655412
6062532
3648188
6461610
3942863
3426771
288667
1891717
3433006
4317952
6345885
7387523
2930535
693861
7049250
307457
6428235
2479897
3572216
5617901
3328426
5525837
2492947
2892326
2487407
1792206
2454274
2391265
5208153
2357352
7004954
7219134
2891905
5195070
5624800
7366982
6653502
295036
5140198
5132248
2251594
5174271
1212694
7011959
7365776
4665687
6743354
6891420
5983320
2456295
4567461
2218119
3968931
2261174
2490029
2380494
4061426
6400612
4846732
1478975
4846198
4908231
4405170
253677
5606633
1472639
3328174
3508405
3631931
2474508
4993849
6655645
5604534
6620446
3329492
5982932
7059026
1792097
4999262
5685702
5729039
2478488
6649894
5172605
6761259
3610105
5696817
288179
2479545
7350448
1539392
4499461
3648263
5335187
5636311
3886038
322546
6520009
2915349
293083
6392089
4904390
6696161
5670626
2476113
2473445
6651106
7455174
6927093
2891581
5128548
1420418
4551855
6763215
254559
2255923
6948050
2492498
3515634
874586
2474826
319008
315284
3586044
3521249
7332847
6130204
2478948
2994300
1808042
2478811
1622929
7332116
5331927
1291881
2834397
3976177
240457
5936537
5657921
6523622
2925431
5692285
5566526
4567456
3062001
5173896
1792710
4459990
2902429
209166
7270482
6122296
295039
5976183
3327823
3749283
7018800
1212760
1426061
3669931
1194132
2487198
6923009
5124456
3981524
307942
3433243
4031686
5172565
7322386
2848113
6079837
2912455
3067319
5619962
2473370
1431323
5524003
307625
4370779
4000951
6995514
3352225
675889
682026
2916066
5208533
3526408
2495663
2492955
3604932
564856
3596632
166216
3594890
5263926
7371820
6958059
1831479
5951842
2903277
1485644
3731355
2454967
3576923
7052251
6119289
5314327
5208092
5111208
1791362
6474255
2477729
2475658
2371067
3641182
870423
6464758
247374
4564209
7271983
233011
4060854
5166858
6763023
1482398
6695643
6074059
2148201
3166338
1420629
7420865
1361329
6520033
3417568
870430
2365223
2492392
6910851
5719305
3398194
5685807
6516252
2250641
288109
5724163
797461
896278
3517497
3475004
6444864
7321650
3419338
874298
6368908
4555554
3507544
6433945
4225752
5983258
3594724
2901329
6515253
5946234
2917602
6696171
4528129
5339913
5604336
5727700
4545184
2473287
4428872
1896884
5719438
4660625
2478036
6650816
2910871
6461693
1482575
6520533
3592856
5722623
5907056
754135
2912569
2476912
402859
1603876
3371410
4022189
428450
1226384
4116909
2043530
5165804
6249551
1014467
466539
680834
5780641
7139238
6655335
3725068
3053126
5039656
5239133
6246827
873259
1226386
4467307
6078261
2039084
285943
5848558
6717524
5722930
6656887
991810
7127526
6932415
1413864
4811600
666295
4795992
2681509
5424657
761983
4769970
7137377
1397188
1479677
3555321
471038
4598257
552057
1463452
2677587
5219591
991775
4994435
495709
3042424
2458499
5611700
4057779
261913
6550781
3875074
2408236
1034295
7198884
7330548
4807694
3862134
2646046
7501553
6535559
6251737
4837925
4162653
5613764
4747092
2043433
562276
5979083
1374507
4773816
4813440
1018349
4245555
5935927
3037458
5073397
490022
3499744
5294332
3881866
886568
5840734
199743
3425833
308155
5839616
2434425
3232790
2681009
2653291
6521891
6651604
5943195
4103084
5840636
4057264
691058
475969
4022605
3537350
1018343
3231247
481480
7123576
1602699
306581
2039886
4994961
6888658
793488
1775405
5853807
3995120
5631712
3557180
5169207
6790431
5372524
5601016
5529807
4562932
3758906
4996682
7268809
4538031
1007195
3804202
3556107
6554896
460008
476291
6816258
4032527
6753639
297933
6423287
7106822
3974316
3164248
2095014
5882891
691220
5074223
4463212
7269468
2121084
2005528
1483516
2004758
1411964
7024637
446279
6703314
6808140
2833916
3227724
6252782
5241619
6877626
1027105
6550839
5225170
1659476
2040112
3369595
2653315
2913184
2682137
5533315
1959410
5840930
2049618
3791717
201152
689452
6625901
1697442
6656866
4864358
4174738
5121613
2653495
1609981
4947302
6902105
5670203
3876413
549251
7508199
1998150
2650527
7126325
4054630
4362204
396124
6812664
1343515
1335208
3554600
401079
5708889
6248246
6250051
475937
1035382
4326261
7384316
427603
2637586
2914742
1036264
4878729
623065
1002781
456373
5846998
5813561
5216593
5776350
5892606
892641
5067938
3643573
842239
343863
1552394
6656510
4898898
1998834
4146434
2929313
1614825
6806814
6802782
4974942
6513818
2648294
5060827
5150016
475655
2668489
7139161
4319697
6239191
2692846
3716152
5892404
7306437
2657550
1040973
7148621
251868
7340561
245317
5840430
6655275
5824481
4747099
574082
1002576
6083088
5848307
7260828
4231363
2657503
5320105
6803374
793760
5384775
6169485
6521154
4454057
5134778
1863937
2685089
6041874
1039473
5072376
1663226
5760718
1035263
3367336
1974263
4139162
1183152
7135863
1679748
6207220
4727401
3807131
4171980
6974740
2039456
4357547
4007210
1546328
5817295
3649841
4421720
3653876
5057218
5797737
6762837
6247663
5708769
491476
5297512
7444043
2018754
5794550
1653212
6360060
1460902
6464857
2960705
7137013
1225883
2626151
1419533
6847405
1001770
6848578
4442486
6752722
4059309
6247303
4405671
1429971
2929353
5578678
2651873
5620046
3374153
7307166
3484578
6113506
7314551
1195479
6379477
4242310
4580504
6909470
4159402
1864301
3798349
2885363
867719
2092364
7418523
5542546
2999522
4445656
7002228
454257
3397144
1926641
694995
1681397
407810
5651952
5801195
5725966
3967530
3373459
3312074
262232
4326811
489971
3556361
1281587
1802809
4310875
4852966
2042772
2212729
4853629
6821874
5284054
490566
4811649
6718455
3332409
7362935
5075476
2905309
2677987
2408777
4801484
5851923
1172806
685464
3895739
6336211
4568479
4090757
2377868
2024873
5347828
6820125
1425030
3736183
895574
2119305
2355494
480655
453665
643750
6438101
4162674
3280156
3855094
3444478
3394651
4807158
7122893
485305
3077463
2661170
5631190
1829204
416584
5808939
6856769
3398523
1824102
5950069
428567
5568851
6231895
3370864
5057007
2696874
2647125
1443446
2023344
7224455
4596769
2023618
5797720
4441357
173187
684368
4864545
4284026
7127220
2690652
5055852
3394807
3179930
4169939
6204479
7140227
7031387
5809414
7256613
6250005
7092713
872429
3553913
4718481
5145056
1216616
2054636
2048118
7140097
3557490
1043625
2000752
3725360
667644
200638
5776287
2653346
3437280
2651325
6391343
7272952
2990866
4314044
5127279
4714280
366440
4804469
5198103
2417753
3293403
1951176
5848199
3927229
7278806
5394751
495824
1664470
6656975
2900234
3705525
7363217
1678149
2004609
3065640
1262869
5194828
674339
655185
1988909
1019168
1226538
5272993
4062552
1966088
887946
5075497
5850431
1479632
670312
3287683
1531461
4872496
6336529
486461
771099
5628126
1587475
3906663
4542629
7047959
5987750
486723
3077489
6082967
3369112
561023
5598298
2104206
2050120
697532
4568456
1043942
4168638
686836
2657776
7330320
2625691
386519
4801821
1621665
378754
2650707
1830280
4504316
597114
2986579
2062739
5384274
2695198
2692130
2062499
603711
1813262
6807160
4405680
7033784
2929136
4805520
6393247
3364857
6806181
5754664
1926712
7512400
3339724
7210384
317866
5892519
4322570
1263211
1483340
4102968
5841540
3283759
2687976
6115175
2679579
6844124
4448956
7503137
1830439
6840358
5068402
4172606
4174875
1609154
1671049
5150031
1967203
2692827
4593931
1493392
3288547
6878793
3323228
6244405
2695728
5536611
3601796
2820969
449739
2986568
3155919
4593476
3581609
1594591
4224944
6946552
1220886
5631469
6797885
6928882
4535803
1034856
1680535
6757770
2146820
6819455
1546450
996692
6380416
6066418
4956689
612431
5950841
3408180
1493294
5723196
1496093
6124835
2992905
2039787
4370179
6999676
6394379
1844187
3278741
291586
3574255
245926
3277847
3576633
7200108
3980975
3520300
2418873
3340255
3533168
7262490
3472291
2346785
795853
3395773
1778447
5561425
3331500
4994594
3280913
3461836
7003047
3337912
3986278
3406305
3463747
5148361
6973482
3471915
808642
4955103
5161467
5704873
6736967
850241
3975192
1863264
6973246
3784141
5392947
850441
3339789
4724041
3995450
7047987
1790320
3518775
1216896
2335115
3333066
3779432
6310704
6360382
7007167
1830936
6110253
7050996
819866
5678954
802453
6753190
5600501
6079187
3284014
5127619
279253
6969055
3282395
5157303
746598
6067601
277968
4979905
3518623
5145665
4280216
4960815
3337699
3466493
4047495
3279579
7241287
3648652
5127053
1876381
4695769
3282464
1252387
6973542
5109187
1242203
1824679
1879285
6036562
4295523
4219197
3974839
7225170
880526
4051296
1876253
1830517
858771
3534791
6113505
2345653
4040382
2384147
7200351
4986894
1138618
3281015
2914458
239547
1776743
5157367
6703669
1824356
4263360
1862931
4313873
5695417
4009808
1878628
4987369
1766708
1851797
3520509
5563489
3333078
794848
4004606
5145395
5157248
3333174
3348503
813372
1820264
1274738
4960952
3339857
272710
1836449
5159443
3975672
2431980
180648
3711289
3748916
3461858
4004218
5161066
3340385
6367986
3406352
2437331
6042956
6299859
5695550
200858
2346773
1227597
6067524
850097
3390658
4653954
6340102
6722780
3525547
3470174
4726979
3986252
796014
771321
3287705
2404353
832662
7258986
3763919
7227704
4009833
763444
3395744
3571978
4259343
1211409
3331600
5723453
3333431
5688366
4263228
1775953
858521
4956769
5145437
1777242
208875
252392
1843895
3457862
3763962
4713078
4018487
2334453
7225160
4291830
6740106
6100596
5148287
6299975
796243
4271648
3967886
6305378
1196199
5127573
6340816
1228073
3466248
1895320
872989
4259341
4988853
5158957
5595696
5726403
2347515
5115368
4675548
1236326
1193784
1876938
7214437
3752646
1894533
6374782
4931367
3967345
2908699
4280036
3466589
6988533
4941648
1875746
7011382
3278947
2296441
3474880
1895232
2432218
7230811
3752774
6700286
3337419
6764770
1824804
1878738
4291806
3536304
2899849
4284849
1195707
6079442
3571553
5723402
239808
1210669
6763816
4225444
221177
6083456
3333482
1174405
4654215
1790791
3346077
6106653
6712818
5641784
4976235
866584
1877555
6689839
4699630
6703812
3641400
4289568
7016025
4957354
3395814
2908693
6764775
2910054
6091375
1862738
1257717
7246720
3571725
4713200
1220955
7021118
3525788
1257046
4976104
5648472
2364277
4311330
1257220
4683026
2428286
3472803
7048270
285632
5685316
1862447
1862744
5159711
7044761
2355591
4969449
4977752
3458339
5523097
3458116
6979403
5661156
7007377
2282748
4058030
6299870
1879066
3640908
3966890
2383602
4030768
3274415
2428404
6389212
825472
6112748
6713218
4954560
3571887
6096424
4328464
2914368
4956866
3388586
4664757
3333408
157716
5122154
3536914
5721051
4246163
1227349
1895568
6722424
5152828
7021110
4930586
5515212
832900
3573954
3403437
2914555
3763959
4940336
151777
3632541
4044424
4295430
3340498
2355710
5379768
7207451
6056571
285042
6973571
6753055
1227238
3783631
4271853
1766834
6994502
738756
1235425
4284806
174135
3573815
6740082
5716986
6344752
4930976
4004817
5716892
6035655
849302
7015956
7048287
5635225
6299866
3403963
2423363
6124604
866731
2908738
1776130
5641059
3282101
3473512
3532559
3524153
858234
309365
7003310
5708614
1241948
7258965
3351264
285626
3587444
7240976
6988260
6999916
2918793
6340039
4999055
3779846
2910241
5122705
6695026
849872
3339800
6973777
3405213
5167883
3333058
1869633
4714113
1830808
6344708
5128077
6722029
6073346
4944793
4703666
1820317
4969293
1870851
6073546
285514
4976152
6056079
4727652
1788005
3395275
6750004
1789209
3397471
4000743
6367712
7048112
7048203
4688256
4713482
1146795
4998130
7258968
4931469
3390893
1777505
3472836
1843938
3587401
1875414
3633167
3407065
3574245
5695654
3390994
3518811
3524009
1863285
1130869
4262918
4955185
1778042
1870810
5641088
5159704
4000676
1823872
5656903
2370289
3522218
3721541
279299
6695409
4714100
1247730
3351987
5595649
4726114
3472752
3393211
6340645
4995182
1862634
6969031
7047912
3338170
3735678
7022747
4989057
3746244
3525712
6094965
3402678
5596348
3390535
5643245
5162796
1806922
6113850
165712
4655135
819463
4724354
278765
7259461
1257639
2918746
1843843
4688314
1154887
6090903
6340435
4688276
2363737
1257657
6344502
3576234
278321
1886152
4284678
6130585
2441147
5695494
1221444
3524066
6753136
4957269
208901
1878984
3995158
5148435
3576529
7003340
3406343
2914683
4994900
6379037
3779420
3525909
3458058
4280056
3472294
6718556
6730069
6109967
3700261
884244
1820382
4289478
6695064
3333525
3584166
763938
4007681
3461920
6758664
6718768
4940490
3525599
6316044
1275477
4664189
5150906
3285877
5688368
1901087
2432521
7201021
1242090
253181
3404304
3790787
3531809
2389877
5150456
1182953
2296720
842666
6056602
3397534
2390174
5635273
4300219
1138201
299054
152063
7035534
151427
2346895
6073257
825925
6048571
7259435
4000697
7026375
4295484
7193534
3576414
3347373
4660011
3573909
6113563
3466174
4044083
4649000
6694072
214044
4683024
4679625
3980391
850277
3466347
7251508
3397832
4954704
2383240
4311291
1843877
5145731
2335525
1823675
226249
267275
6752327
1270145
1174441
1211504
2440938
2428419
1257349
4307473
4931224
4683298
1867825
5652744
2347764
794988
5127973
3967028
1877371
5652749
6029774
1227216
2423331
4271829
5657227
4996945
1877387
4266904
7029146
2884331
4996949
6712951
2346425
2390568
298540
5128154
2437051
7224957
872906
4957113
2898641
7016222
4311300
2431841
4951726
4986956
4308066
1868562
2347350
239751
2322127
887732
2296570
1877236
284694
5633765
1270417
4926260
6700170
6389645
4960887
1252159
2436524
4973029
1247714
1820253
6374795
201953
4654350
6073515
252711
5666232
6113589
5634186
849921
6097525
1195504
6718432
7035422
6049347
253355
5107329
6718261
6748093
876830
6096308
5705086
6066927
303745
2362784
7003080
873004
2415248
5652809
2321608
2335475
1890503
6383344
813820
3961094
5108648
6757314
5122505
6374057
6344175
6379835
4692709
819445
782235
1278902
2431820
7224971
7252179
2369986
2363348
1248199
5108459
186434
1890796
2847787
6736564
7244511
4052341
1778990
7258648
4716772
1154513
273100
6973604
6090867
1882442
291332
5122462
6694506
4660145
2398573
4219284
1211613
4018465
813180
6752228
1807190
4973132
2364010
1830187
1227949
6083402
6374861
6718567
7200424
6100565
1257311
267414
1879437
1154817
246675
7011042
7029234
5108673
4664942
6983896
5161429
6689867
2898990
4665004
2440499
1868068
880273
2899336
239078
256499
5115372
813729
2890366
4975458
7036076
1876382
3763920
3767484
1820767
4692688
6067619
6707648
4679432
4941200
2370710
1803401
1777799
1867808
2296366
7258665
6740562
7018748
1878404
4716732
6328077
7259210
4707210
7003093
3725923
2440866
2357065
5135129
2322322
6973959
7259275
5726146
4990841
278722
193372
7003257
7261998
1878465
7035356
5122987
2847922
4941138
5708876
4672047
876972
6730047
5137234
2282841
7258252
7039424
866363
6752486
2321677
4707189
7035452
6752666
5691875
6300154
2889351
5122388
764398
763440
2884451
6713315
6067974
1194068
3795680
218788
253171
6367831
1878190
6974237
2415065
3725532
2884175
6756241
4316993
4979733
850723
6979372
4966268
2390898
5162560
4716609
2347525
4688106
7227957
5634058
2884089
2889838
306596
1257148
4009740
6757192
5656862
1252097
272626
2296250
4990783
795208
2415021
1227795
252804
1257114
6755982
6036480
1869948
4314198
1210382
7035244
1174364
5642303
7015835
4931166
6755673
4713403
1235603
5107655
1878721
4675246
4014282
7259861
200814
2908727
869212
2440148
4284778
4018408
2880741
4710490
1876817
6386427
287891
6073644
2414840
1790086
6700195
7047855
1876247
2389921
3980922
4955068
1813953
7201042
885093
7207404
3741088
887980
1820714
4686415
7273048
4018049
2414836
4961005
3980768
831912
2427855
1242299
1181788
1836772
4291851
2288936
4717714
7035479
2436892
1877550
1789591
2899437
4976213
1257957
1868436
6068011
1868189
6752617
292707
4679306
5685033
2898211
6383220
226384
7224958
4722493
6703855
808659
1876347
6322075
1885423
764232
1876145
5635599
6729744
4672298
4975997
866999
3986317
2370233
4654699
866699
1885995
7258513
226269
253475
6367868
2390397
2418753
763740
1182500
6374502
7011328
6726030
6091163
7016340
7258560
4688039
7018727
1875521
2423395
6752587
788230
6374462
7252574
7003263
4699796
287882
287862
2303442
6062489
1174370
6094981
3995601
5107466
1869846
2428135
2437326
6752668
4014531
2884592
2909801
4999000
5150826
6025168
7193314
1131390
2880706
7262291
7003606
2423948
771318
2414943
5137000
7228119
306639
803060
253220
2884341
4284524
5670419
1851998
7193204
2423706
1790162
1870130
6713329
7024893
7035661
2889556
4935949
6113704
2847966
866238
2334709
6370867
6328258
2283160
1877708
1871069
1173676
1868122
3736376
771236
4648841
6695050
1131415
4936340
2847813
4671907
5162854
1890879
2390462
6328248
4713888
1767173
1248074
4262725
5652369
6042999
1252644
4055258
6115759
3784235
1877599
2910005
4014228
2884401
1877664
2440918
3780007
5106119
6752935
2908532
1868657
1264211
6106691
1227840
1890348
803083
6733184
2436996
1870949
872827
1227103
2296160
7193518
6383122
7258487
1830714
1814743
4717903
7003988
6703467
5131929
2899624
2436745
7199602
2834113
1885729
832682
1283134
2390577
2390626
2356182
796476
849668
6752262
278793
1890766
2441144
862830
277896
5642265
2347236
1202045
4654770
7201059
6979401
2423463
7025093
7024985
6305730
6752838
6732878
4975720
1876589
2437045
3801193
2890642
1278615
1216825
2404414
1851864
4988916
6755582
299624
5685239
2378938
5716538
3995795
880306
5163050
6752776
2379232
2437281
2834326
2390666
4660102
1876636
1879411
173936
7251745
4654836
5666412
2379540
4225261
866270
6974048
6973794
6374766
298930
2378845
1890770
306667
292681
6072831
4948218
2898575
4004705
2346997
5161244
7218413
4966031
2431803
2436618
2296425
869282
2441173
6049581
5162585
1235823
869489
4941518
1886004
1210362
4930880
7227856
2389555
1210172
1181787
6036430
1890850
5145628
2437412
6974024
1867863
838143
2884332
2437336
1876984
2283230
2370853
4716770
7244427
6994550
292433
3746093
1279097
2404163
2880727
6348327
2288960
5716572
7264626
796462
1876580
6118209
838784
2370874
7266058
2436697
2440662
5134938
6019580
4683455
1807331
2423404
3980708
2890122
795771
261733
7024876
826014
7264751
1131278
6695024
5429396
5484150
5466345
5488497
5441463
5475392
32310
5474144
5470026
5461346
5498369
5454920
5500101
5492731
29833
5433650
5482759
5479259
5489337
5500880
5488530
5504657
5467667
5451046
5464640
5454364
5436640
5427724
5464737
5427458
5462836
5441283
5495307
5502676
5473794
5490950
5454841
5469967
5452952
5441772
5502337
5434969
5488496
5464869
5428293
5498313
5489304
5500471
5504733
5459138
5506764
5455996
5496170
5492807
5492704
5459485
5504332
5491043
5454329
5448785
5433965
5477627
5460870
3319
5435389
5433843
5831
5496319
5459473
5468924
5494443
1641
5498279
29005
5454405
5486515
5498769
5457660
5456084
5469979
5476701
5439530
5484181
5471386
5498859
5480558
5430883
5475866
5486516
1656
5471477
5454036
5160
5464550
5447575
31671
5449475
5472202
34394
5452901
5427425
5425625
5482732
5450656
5426276
5484595
5439283
32812
31233
5486316
5465963
5449168
5506362
5438417
5479701
5506042
5448543
31848
5429122
5496998
884
5490565
5435320
5449157
5477081
5494711
30998
5500693
5469764
5458859
5481121
5467678
5425808
5502560
5450745
5496190
5452325
5498076
5437701
4424
5451327
33188
5473875
5464935
5454330
5450449
5471405
5426883
5476985
32480
5496730
1591
5496209
5426847
31091
5459487
5477622
5486318
5479080
5432219
5462814
5432023
5469180
5449204
5977
1219
5500067
5478757
5498771
29499
5454937
5496800
5495216
6038
5426227
147
5433564
501
5441340
5431861
5475116
5460778
5443441
31199
5469698
3778
5482227
5449227
5496667
5473756
5489071
5502493
5469674
5494957
5444264
5479342
5494828
5456419
5443548
28804
5472183
5435177
6048
5489343
2764
5488925
34463
5439544
5490874
5504169
5444465
5477075
29358
5498728
28987
5500069
5437694
5437945
5447312
5494668
5474942
5457309
5450666
5429584
5432075
5504725
5449215
5498266
5500083
5448690
32895
5429406
5469220
5494739
5459044
5456240
5472774
30705
5473313
5472899
5460585
5494569
5500096
5500495
5450288
5502434
5460834
5473350
2003
5482181
5493384
5440933
5433610
5498707
5455675
5471702
5452304
5450556
5431895
5506814
5449567
5338
32048
5437784
5494913
5443070
5427221
5428746
5478973
5489349
5426433
5498112
30538
5481159
5431858
31482
5441147
5472883
5494510
5447207
5457307
5459012
5426504
5454647
5468933
5472211
5428487
5506474
3012
5479672
5448981
5475305
5488509
5506454
5447539
5490768
30776
5471147
5504387
5465089
5439480
5433654
5478941
5432353
5440955
5484981
5494765
5433568
5428131
5491000
32219
5469309
5500438
5500417
5452921
5454544
1705
5447415
5426362
5425583
5471113
5481354
5442838
5479289
5457891
32847
5506356
5429492
5465009
5498758
5456449
5460901
5506204
5430582
5433994
5442869
5427398
5452281
5436767
1449
32180
5429532
5454061
5504432
5430371
5490804
5456095
5429247
5498603
5467591
29215
5488773
5460699
5494360
5450596
5427515
3198
5454083
5458864
5465565
5465122
5469015
5455810
5473795
5488685
5468932
5490869
5454580
29480
399
5456235
5449465
5441476
5439599
5466274
33041
5469725
5460773
5494529
33650
6554
32744
5461031
5494670
1232
5436683
5430656
5482445
5488613
5497087
5447460
5850
30995
5472334
5494663
32246
5482306
5498533
5486635
5473591
5454637
5486711
5479328
5494540
5481335
5472253
5447642
5457569
5490781
5443512
5491155
5451007
33476
5467315
5459482
5485048
5482282
5430987
5447387
5475896
1423
5458179
198
5475054
5430431
5484720
5439492
5482848
5475166
5481043
5466451
5426075
949
5500534
5442691
6003
5484205
4270
5489077
5472661
5428455
5460756
5504445
5498334
5473399
5453919
5429398
30963
5473423
5473546
5502545
5466375
5504658
5504501
5459447
5435508
4823
5451099
5896
5469771
5142
5460675
1114
5475603
3985
5494541
5428206
5473402
5432687
5454864
5428209
5441804
5467896
5473840
5462882
5454869
5466188
5460979
5456437
32102
469
5468849
5481331
5504666
28946
5492637
5475104
5450473
5462533
32434
5479251
5436674
30540
5466477
5442945
5498799
5466366
5425882
5494444
5441251
5494580
5484665
5447298
5456174
5447216
5457599
32324
5488373
5473747
5435151
1711
5482399
5500183
30987
5487081
5462409
5474117
5438458
5469920
29276
5506478
5438126
5498716
5502221
5452447
3329
5436696
5459014
5441363
5460996
5441221
5480549
5477595
5452412
5450264
5434912
5464668
5431975
5504419
5429309
31598
5432526
5466446
5494595
5465558
5437907
5482230
5448671
5441235
853
5451361
5496345
5455867
5446355
5480734
5433490
842
5461024
5479397
5433878
5480963
5444553
5492371
5455864
5498560
28916
5498566
5435083
5444320
33283
5425723
5484234
5489072
5464874
5439816
32204
5429147
5445880
5430402
5448644
32713
5451334
5484731
5428573
5471182
5440136
30280
5432528
322
5498119
5458896
5490790
5472815
5454086
30759
5479142
5457519
33190
5427597
5486302
5494751
5490875
5441120
5459237
5439728
5474063
5494894
5438053
5444830
5429462
5473725
5444180
5426331
5489317
5482752
5502712
5500886
5466108
4232
5504627
5468804
5482121
1415
5446226
5468957
5471673
5443167
5486286
5498210
5471273
5486124
5437773
5426984
29301
4006
5436657
5457821
5490900
5445807
5493303
5468900
5434957
5498091
32767
5464746
5435013
5431772
5428236
5492758
5454416
7497478
47814
72222
70102
65824
7466123
7499188
35448
63921
45579
89400
54643
7491291
48477
70564
66862
48366
47089
79501
78086
51308
82814
85127
7464662
92273
7465207
61342
7467113
83391
7498623
97586
67925
7472372
62818
73296
7494897
37501
7482146
97952
38528
54055
57697
7482873
67139
70101
58688
7513584
44982
37525
86054
76536
91442
76833
7491859
39660
35246
94698
63495
52466
54152
37953
81318
7509065
7484310
79715
47506
56130
84663
7509382
35766
40610
40486
73351
47963
52517
38349
7487298
49100
7497789
48710
94408
7473080
47471
47103
43250
44130
73696
73543
72933
7494292
7491967
7476371
78789
71557
7486610
7468502
47478
7476490
7481120
7491363
97989
55915
77955
48921
79785
7468999
7505095
54936
58214
63907
80138
76455
51505
90471
45639
52297
7482297
7469429
7465228
7469089
79496
7466254
7474006
91751
7503878
44829
38158
7475394
7468434
7470304
61401
7476653
75276
63652
7486211
67015
7490590
73113
7508459
7494605
79615
93564
45429
7469440
62475
62503
7513433
45690
60124
7502414
50652
96001
71336
7473462
7470758
68364
7499628
7506703
79303
7498932
82608
7502867
7512993
37992
41670
61206
86781
85135
81735
42578
69639
90499
7502597
38647
7495501
79489
49492
51660
52056
7476340
95988
7474720
67517
7487437
96475
7471931
7470012
96674
66692
74381
58810
7482522
62285
83667
7500585
97076
43797
45733
71456
80584
51254
56764
77715
7516106
7479357
7484688
44358
7474265
45372
36621
45003
72806
53492
7490167
7480990
7502657
83242
40812
86960
7471249
42426
80742
7513338
68677
7508651
41082
67444
7486460
7500293
82534
7485312
7497015
7509810
85901
68631
7499287
7502438
7468168
69588
41761
84422
7489021
89774
79597
37500
7476203
57871
7476001
7469989
67347
89352
47500
53263
62976
7474801
7466671
65486
84219
7509722
47975
66999
93245
66674
7477686
83965
47680
7471764
7512389
88690
68578
7488971
79099
64410
7472304
61610
47761
7482257
7493442
42656
41092
79965
72448
35520
7510062
7484840
79058
7474023
41352
67685
46151
7491096
7481044
7504618
51366
63685
79687
45296
51990
7497861
7492143
66757
7495896
7509377
7510565
7508696
59739
50060
89711
80313
7483960
85677
92059
7506606
7477889
43535
71044
90642
7501966
41037
7507519
84336
46286
7479332
7483651
87561
7466148
38610
70436
71452
7477257
7488953
57940
92701
62480
62940
51726
7470679
69120
7486396
62481
83761
63240
75271
74654
7474519
75674
61601
7495019
7480479
7482580
79498
7471242
40299
7486525
49524
78460
7467247
79679
36997
38936
85281
7479806
47740
7467851
70191
7512565
99798
39761
7503916
7482727
45826
71993
35753
7504491
67258
7468283
66837
7465203
7492677
84275
7473900
7466739
79598
39319
7513112
92932
73685
7476811
46793
97646
7482100
7472420
64568
78960
86701
66331
59450
85228
94826
7485773
54238
82409
7482831
7480554
7466184
7485622
97712
43657
94260
62982
7506572
96746
7494079
56633
68528
87388
72765
74348
7470220
7481624
58593
89499
7482166
7477824
7497995
70701
7495122
48406
7475610
69998
80512
39654
57124
7492886
7466770
78449
45700
51467
47153
57415
97820
93013
86979
7504327
7504199
51604
68559
51978
7494001
7492568
69444
49794
65272
84759
7499187
43868
80356
60167
96427
7497838
7486307
57702
39434
7507133
7497499
94039
93058
45985
58044
7480643
7464856
82786
88376
68960
51242
54975
7469446
88507
88787
7495209
7474633
81032
66478
7470554
63270
77705
7498729
54202
48884
7470307
52225
97658
68116
7488571
7510354
7483512
88620
7494017
7513259
7486992
43091
7476082
53929
7476628
99561
7478495
7466501
63282
89265
35443
35984
7485036
7483102
71437
58915
92631
65793
58545
7485143
74423
44214
7506484
59618
7498112
50841
97791
91020
7491361
60476
7476499
82682
7492462
52417
96490
7472984
77190
7467276
7471729
7467725
7476688
82434
42448
86121
7487160
87906
49905
93809
88803
52815
45179
89284
62619
7480597
52644
7496845
65868
62111
7491272
43289
58750
85474
7505138
52848
81738
78921
91049
7485798
7466252
87219
94671
81761
79749
40914
83320
39663
59594
72591
89518
97554
69520
7509792
7469931
7491197
70788
53201
87110
35970
75104
54058
7484783
7481131
77362
87312
65180
69128
59205
7483389
53157
36164
37735
50385
39310
7512296
74100
88947
68848
7470801
51632
7490875
78145
57648
86869
58019
65243
73294
62611
7484147
7501835
41461
7488905
73975
77656
48058
44576
7513579
7474000
95881
86861
86743
95845
7499968
7475751
84885
84188
55038
7496102
7469161
7469184
72488
68513
7487667
7472188
78511
87350
7484644
81539
80988
7473601
56950
50243
3325213
5309900
1335510
3196848
3499905
3592116
1481392
3418899
3919273
4439435
3070374
6884790
6620106
7327883
7433601
7407248
3599708
7301692
5906937
7358091
4385121
4892089
7385450
3506569
7308881
6943556
7320724
5319812
2094468
5615226
3308953
6518204
1573494
6925131
4542565
552276
7418848
665744
6613127
4562763
5213559
4527292
5290949
1622337
3499977
6493444
4848716
7427193
5219546
3326520
1382601
7363872
1463470
3435884
3413716
2172903
3070573
6513189
5200152
4543008
4600389
4455802
5306674
4860686
6913395
6555398
2153441
3508125
6640668
4546911
7416002
3919001
2122616
7352888
5978964
5619708
3412561
2111626
7433532
7353280
3180505
4586165
7357903
1389865
4559017
4894732
3127667
5187815
4405820
4567032
3613272
3607295
3418946
5327029
5916256
3594032
1659480
4875497
7316078
7352761
3592270
1659207
1658424
1658410
654697
3607723
5306806
4834700
5291425
4399625
3438722
3896591
3000316
5893449
3622151
1396631
2240125
3881911
6559737
6524436
3412477
5314009
5624688
3327758
6432794
3862694
5613919
1616231
5950862
6555709
3919227
1345790
5301310
1580852
5268636
6883983
6452835
5554960
4538003
6630182
2081144
1616096
6494044
7345467
1382318
3412403
3616451
1657871
4559232
629987
1471249
4363065
3187131
7345405
1525244
3108549
5553489
7352802
3417202
5973941
3627484
4551332
6931831
7300282
3499974
4908764
4433256
4894693
3855588
1672243
1449918
4389933
3433131
1419690
670159
1657716
5240509
7453013
6448666
3419158
6647221
5902884
3599979
2224493
5324699
7446177
3201500
3896741
5324800
643284
2226260
7348305
4537516
4576141
1660206
7423651
4840147
5554131
4543412
3320235
4516386
7309328
6643164
3311348
6571437
1594377
7418965
569492
3435067
3677797
6464362
670950
4456505
5192246
5291401
5915766
2994139
2112225
4897545
3498266
5290922
5325005
3906795
612803
5604300
5958027
5409894
5329546
4456281
3637419
3321683
6488116
6922363
3594239
3932570
4537831
7362297
4509644
1660030
3319573
5624362
4432936
3448227
3451348
6871802
6659479
2124008
3592293
3159216
2961159
4399971
3677780
3416921
1574062
4862673
3911493
3611913
692199
3623799
6469117
3449517
5516402
4537473
5228307
7301005
2172771
1616425
6488114
1587897
4839861
7352782
6909584
1374293
2109798
540644
6433464
3311466
5235766
7416258
3856178
3616579
6939832
5238890
4559511
540612
2095839
4544399
3502422
562820
6925696
6604723
4568974
7294678
6493819
7320174
2164410
6916303
3897081
7423724
6493973
6922269
1335605
3000489
7359863
1443038
6438242
3932477
3670362
6925259
3626597
6884766
604176
4579188
1651977
6929238
5319190
3669859
3613391
1345493
1657393
4422793
5206827
3511045
2094742
659938
3615078
7308538
5219751
1412923
1603594
4881452
3453536
7386093
3187259
6936358
3451170
3862336
540335
7427505
2159903
7331169
696207
3596261
3070637
4422185
7433541
5958310
655022
5198867
6448691
635808
5319270
7365363
4898560
4363080
4544166
1531629
7341044
4586848
2993775
3599712
4370182
669926
3446009
1449059
3196332
4536040
6934551
5322574
5951052
1657528
2110363
635780
6619845
3122222
3180815
3444790
5625149
6598197
6428077
3423184
3165479
3325592
7445103
2095270
5546852
5193454
4410530
3042658
612704
4864937
5550137
4370210
4559277
3920791
3228174
7335014
5925372
5409903
5604209
5554078
4903285
5187876
3600153
5603190
3622749
670619
3228153
3506567
7335078
5334471
3498304
4440527
2948424
3597855
5619767
3629980
6902461
1434170
3073553
3499877
4390196
3616716
3417126
5213986
7306892
3435945
2954518
5329533
5263417
1616168
1616261
4410462
1573255
3829744
6518816
3514524
3215635
1573782
3515145
3453551
7392774
3196862
597810
7403409
4849294
5281794
3516785
1484914
1657189
3829736
6909916
4385437
5333153
2948425
4532098
7392612
5607226
5945564
1587340
4440061
1660027
3500035
3591999
1639923
4551278
3000452
3417378
2215584
3042179
7386478
4445863
4536949
4544068
2992807
6890935
3428162
6559574
3448194
3608211
3446126
6493541
6448671
4516575
3652514
1640500
3606095
1616284
4600459
3412535
1400050
1538915
5613933
3596000
3425205
3514106
5313544
6925870
1640758
666809
2095063
5953708
1425706
697870
5233494
4434167
3201798
6626081
5309908
3444954
1425660
3592303
6457183
6493563
1616429
635996
6590361
2947886
3311418
1573820
4596930
3311438
5188212
666546
1622389
6603750
5324662
3907225
4369691
5263411
2240249
2994108
5226011
5898147
5613937
4432996
5228618
2986896
5213702
4543658
1594651
1573792
1374635
5187739
3325559
4555184
3315632
4526950
5945156
5301524
3042638
1390263
4558825
4438599
5322524
3511600
5414473
5916309
3627032
5620757
5328159
3914978
4839485
7399465
1573569
1381967
1635160
3594447
7345429
4881784
5230833
3512111
1476968
5241031
7425639
2159806
4875425
6448720
3932379
5924961
3329676
1396541
3592367
695624
2123970
1657901
2215101
2133144
5238918
4414405
1382648
4600496
5278693
5325034
6518850
3313828
6504239
563489
1460179
7403362
5925182
7425672
1430775
7345282
3511519
7381120
3592260
4394648
1430975
3066326
3180722
7448047
3037791
1346024
1640842
7386058
3597849
1413070
6559256
4536225
612684
6910034
574446
5198928
3918281
3321837
3321656
3627457
3439909
5329458
3867255
4891575
6579084
4536966
7300117
5329869
3127699
3441303
5605201
5198724
6598393
3042705
2221362
604306
3116381
3417356
2096295
2081112
4544350
1444315
6464840
2371991
5520929
4861094
3324115
4001008
7201713
3449266
2236520
6590634
5521684
4895480
7435086
1871447
5595952
4672536
1882630
6384334
2244917
4370950
4976851
4683677
6095744
3319660
3672225
2348686
1879876
2441715
3919936
7419873
3515275
3595113
2198261
3505265
5520885
5592399
3424390
4567289
5520795
3324950
2247102
4522597
2858125
5555064
279531
3585835
3466750
4710758
2323003
4717044
6345182
6929982
5589968
3531132
3624153
7311145
7253547
4854806
1243447
3425387
3347793
3341032
4044849
5148510
1820975
2415458
843155
2441317
6625094
3310460
3612457
5527093
4680304
4048402
4532279
7265304
3649247
5643991
3614121
261821
7219128
4854301
5146124
3623451
3514690
3465367
2348070
5311229
3440091
3285187
4516869
7000590
5517621
6645890
3428542
2994456
3907987
2227337
4018882
3396418
5611915
3393943
2247939
5621176
6723479
6073738
7231388
5116983
3438953
3871324
4564127
4898312
254300
5317586
6328561
4584124
5158041
3607516
5555614
3282912
2218172
3903250
5622409
2433030
5523653
3624018
3585899
5637220
1248503
2434787
3507204
5125796
858979
2429925
2244786
2442402
5226226
7265308
851101
1260999
4551851
5670593
3625211
3617435
3642608
3521402
6696032
4357666
6941096
1155113
867648
4267000
2380442
5204658
4027084
3674890
7348457
5298353
5696575
3340912
5322741
1799384
5598789
3391444
7004801
2124588
5157611
6757583
5320192
6878354
3425991
3042848
3285351
5662656
3584778
3503154
2415638
2424065
4363299
261827
4576804
4708254
3606663
5268924
3326169
5161721
2310437
2406271
4948763
5621105
2245057
5592255
2241210
833660
2216745
6974440
5123622
4587483
2190609
2227422
2415607
3327461
5609323
3309501
5194063
6969080
4435440
3448506
2217144
3502656
5593260
3586696
3920042
2216911
2336767
2240604
256774
5149385
3407995
1881415
3314496
3608449
7263634
5549371
4573388
3920644
6748218
3276641
6368906
3440225
1196249
6114909
2248128
3578845
5523648
3404877
5301802
7036294
6707929
4441652
2241397
5662792
7335725
3464961
1872273
3403065
3607347
4499356
4580228
3623514
788572
4854766
2124476
3310606
5893894
7416831
2244893
6748752
6375795
1779716
7263376
3612172
2432811
2437628
2372533
2297007
1445206
5401946
5613398
3320499
3737023
3596415
3606715
6941089
2411988
3341080
2208955
3614406
7350361
3405321
5712124
5591917
1460690
4555275
5597732
1154999
3524196
3574408
6633553
2173346
5193581
803305
867258
2147740
2227098
7404009
1792074
3503202
7201386
3394038
3440137
4949304
2404849
1434919
5591374
1792690
2372019
2398952
4898285
5526615
5193683
2434251
3915672
5110677
7261065
3282909
3284373
3622246
2236897
3347727
643543
2235959
3281566
5614036
6754048
3460567
1253211
3181700
2432919
3281327
5648822
7265064
3624867
2384762
3524524
4499488
7328260
4892884
4564093
4985752
7348370
5566706
4573356
2231087
1767673
2198693
6734510
7353395
3436306
6920668
1464474
279889
6920763
5564932
3436523
3641887
4886271
4370506
6885778
6743665
3606133
4976245
1845036
6510065
3501180
5143053
7400858
2385494
3903266
6573264
5657884
6069226
7228603
2433298
6345233
5600075
5596001
3975733
4564341
5712341
3512526
4545793
4989446
2391147
2437819
1837386
3324048
3530462
3398314
4044647
649823
6944034
5549571
3429230
3347690
3333665
3391737
6690318
5562666
5123767
2424685
3043036
2240462
6383812
3407307
3282528
1807530
3436238
3310423
4576727
3601980
202310
2113269
5705371
3788319
1460613
5618023
1635658
5549016
3460986
5124704
6708735
4312050
3652150
3648700
826655
3600309
5314670
4545398
3574498
3627730
5549425
1231046
2442357
2994887
3281196
3473608
5556437
3320698
2370994
3505017
3321988
7400763
2411763
3631356
7260348
5554801
2415612
4376020
5226532
3338607
3347847
3285220
3624237
671070
3437858
3436220
3619222
2349419
209128
3524384
7408143
5706022
3648427
1553338
3579132
3500659
5625464
858972
7211951
4955532
2198080
6590743
3338625
1871324
2141324
268046
7263361
5314473
6685939
3593158
3633396
3464998
6748522
3515305
2434552
6719644
3333802
5322948
3505126
4588960
3407328
2419499
3341060
3584267
286221
4300475
3625099
797084
3448464
2881116
5612142
3396302
2247504
3642445
3440283
5644273
6714146
3321970
2209844
4576734
3507564
5551158
2161283
1881619
4576826
5916680
833843
6069288
3464711
2161023
2405388
4511017
2097325
5592406
3323886
5243886
7356758
5962748
4400368
2231583
2237108
2391413
764769
7263139
7358915
3197250
7260473
3502535
5116887
280399
2411420
2222151
3584713
3519311
2385001
2133576
4980365
3283107
2216100
3508657
3533606
6741186
6360631
7420338
3759778
3721793
5966529
273152
2148111
3347879
4699998
5226962
3498722
4718184
6341165
2441683
5111423
6906729
6097904
3604907
5125195
3406396
7353596
262191
5194267
6733793
3309189
5139919
2391918
6384179
3622244
3598500
7026412
5124698
4932256
6748786
4390480
7387477
6380523
3338615
3784711
7350570
7343742
7401082
3627657
3342231
4259402
598011
3919729
5591172
3648679
5597235
5307097
3622189
4976612
3577039
2411213
3326946
636586
2881130
3310432
6110873
3499124
3471356
5626306
7424699
3631487
1808115
5564412
4895492
5111229
2216232
3856917
2429765
1872017
5155832
4442294
5156024
1595148
3165967
4584192
5274499
4018825
4435445
286358
6892419
5151456
3278789
3404815
5597089
3389396
6380183
3458751
2433297
7241550
3403627
1221649
4452384
6390022
7693230
8309112
8512901
7735261
8355593
8000182
8081111
8383951
7619727
8190064
8197742
8232881
7610455
8013052
8538491
8511247
8194357
8074155
7889029
8439427
5435667
7692630
7863927
7662996
8554115
7581798
8247927
8173160
7765286
7706575
7624570
7660505
8278102
8423951
8373814
8006970
7639478
8457872
7714057
8282965
8120207
8392694
7795954
7615799
8534331
7989417
7655886
8521908
8054830
8417616
7664041
7684021
7657653
7820874
8338685
8649171
8217382
7912578
7805275
7603743
7752274
8562611
7837497
7845968
7905112
8538832
7616306
7552549
8591822
8420257
8039068
8552716
8583014
8078519
7574080
7580309
7535085
8373029
8022246
8433336
7695432
8040058
7922095
7713152
8030755
5433904
8111885
8232120
7941179
7813779
8137818
7847540
8194714
7688103
7904172
8120511
8097860
5480296
8401023
7629140
5468282
7655320
8465702
8152842
8034501
7633734
7756303
8240056
8005894
8067545
7993329
8229937
7849302
7625026
7639891
8393091
8444558
8164467
8559563
8312288
7960900
8370125
8202186
7657879
7614581
8189232
8489480
7800965
7888645
7539099
7576120
8288089
7661617
7712933
7831378
8009501
7932963
8408357
8178220
5474748
8451080
8018786
7609900
7545262
8319155
7582689
8354817
7966974
8386878
8346033
7737019
5482990
8410215
7672907
7855898
7963685
8362643
7904946
8364157
8000168
8191578
8417537
8492827
7994416
7928531
7615766
7817219
8090619
8580265
8546555
8219987
8367178
7894441
7803108
7929488
8012597
8088469
8475556
8049442
7681626
8363336
8521286
7810245
8109357
8161378
8442030
8390276
7680898
8264496
8648638
7946425
8448091
7821199
8399840
7881573
8570076
8209159
8510069
8130299
8212430
7734615
8313658
7736083
8230766
8542647
8273479
7952843
7909042
7891045
8053319
8450544
8540332
7892719
8181575
8236121
8517631
7804916
8543042
8250890
8474822
8408828
8434529
8468565
8257807
7932489
7877799
7581801
8571436
7952977
8364465
8379784
7993351
8385344
7693206
8384198
8450107
7735136
8129616
8215665
7957533
8070309
7617959
8109089
7761628
8045811
7836918
7567654
8468764
8212045
7979172
8137819
8372206
8279841
7748886
8484522
7669109
8380438
8572478
7857426
5468666
7922792
7794738
7762361
7977280
8255050
7939937
8298102
8097313
7594631
7878396
8174954
7945688
8373640
8089682
7680568
7922886
7774365
8229691
7942967
8054790
8448879
8326807
8059147
7992043
8349544
7752610
8403208
7907758
7772577
7831099
8244968
8506576
8465273
8485151
8304889
7568742
8013841
8449393
8548420
7530453
8067446
7906382
8236165
8049508
7945013
7707256
7813228
7958616
8020106
7903973
7659723
8373115
7571304
7876464
7703681
7869168
7842535
8294873
7707886
7708090
8369133
7712130
7940914
8514710
8089455
8434761
8556409
8289406
8244013
8046355
5495156
7805407
7986309
7680452
8273536
8522740
7862605
7962241
7862210
8112232
8322276
7948904
8223308
7540016
8555256
7943765
8579078
8088138
8312275
7743182
7825913
7942117
7618172
8082438
7737186
7804056
8132067
8469054
7980428
8056572
7725529
7534487
8025390
8128664
8174491
8236158
8330047
8335791
7601412
8570341
7882247
7784251
8126214
7795379
7741274
8491301
8070902
8267548
8234572
7897568
7884149
7926668
7855813
8385436
7636415
8343395
7584699
7527013
7885090
7585189
8337020
8378202
8563078
7875012
8483854
8177505
5445182
7922765
7659158
8515078
7704126
8213580
8505466
7953822
8541152
8075649
8649025
8505289
7840028
8062670
8425388
7618344
8035787
8373331
7903722
8397723
8236753
7554554
8015096
7575936
7819391
8424739
8046530
7908356
7937546
7766321
8206763
8255633
8372952
7877109
7853280
7922610
7870970
8649091
7616339
8187560
8076094
7829918
8042923
7589768
8408893
8231675
8072973
8073334
7712317
8345564
5465715
8258349
8472915
7927100
8101534
8348184
8534266
8269290
7538790
7981208
8521832
7618836
8066355
7814406
8127257
7976253
8062744
8249467
7812274
8547528
7713019
8437703
7951638
8147571
8516608
8256346
7719668
7559524
7671872
7814757
8276602
8345547
8037391
7809550
8554019
7595555
8005168
8241434
8285209
7536720
8113591
8169845
8550909
5460156
7572711
7952502
8425686
8223633
7867158
8440678
8541319
8068024
7747473
7893724
7872170
7599421
7573048
7527840
8033296
8471320
8525613
8308649
8410839
8268462
8408147
8434562
8314276
8141291
8368558
7845170
7691094
8467947
7914752
7730276
8340589
8218153
7837826
8309187
8088528
8247265
8357352
7651818
8459216
8051749
5450121
5485223
8481428
7624188
8345640
8074852
7626655
7643427
8334461
8146775
8280884
8168863
8090364
8458368
7817685
7831244
8304837
7749469
5458704
7567631
7530046
7581747
7642426
7576516
8032665
8321660
7860156
8082133
7891019
8485550
8456638
8166505
7749159
7626936
7904865
8216573
7908237
7951165
8244497
7683918
7789343
7924581
8060345
8042292
8199037
8324592
8453890
8132439
5441925
8386075
5437475
8530669
8188935
7684298
8393945
8164699
7831781
7765111
7756289
8180874
7793919
7810274
7976635
7854832
5493633
8284432
8297526
8374896
7632301
8026282
8072466
7565042
7694985
8014179
8323251
8375883
8330026
7811333
8466143
8381453
7590320
7839826
8465499
8116583
7793170
8436939
8521911
7886522
8161109
7615972
8328494
7915252
7972257
8473672
7683932
7956666
8302581
7958377
7782808
8553353
8001125
7990098
8349007
8238068
8002593
7691480
7648492
7815934
5468018
7881056
8120187
8646148
8460719
8389750
7886958
8236145
7993940
7612899
7913836
7750486
5465699
8580559
8590818
8578769
8647629
5502472
5503009
8652009
8646105
8588736
8584213
6311
8652139
8565521
8651288
5494264
28808
5464048
5502481
8646899
5467171
5482219
8590885
8587906
7587458
8565873
8580646
8652012
6461
5431806
5468598
8650630
8578908
8651193
8647475
28787
35016
8580826
8590709
8646400
8646870
6557
8564803
8578720
6454
8587905
8650515
8649609
5467830
6216
8590895
8584077
8584266
6230
5476738
8587761
8648902
8587684
6546
8652450
6272
8580766
8564961
7586959
8647617
8569598
8650896
8649875
5429578
8648226
5495278
8590834
8589035
8647781
6471
8569360
8578668
8571724
8587830
8580530
8569326
8587714
8590711
8647304
8649551
8579561
8584255
8578912
8650986
5452969
8591609
8579727
5464961
5503990
5467696
8587914
5467804
8651453
8591776
8580958
35135
8652772
8581014
8587987
8580755
8571743
8650795
8569341
8578879
8648912
8584129
8569317
8646416
8590746
5481424
6273
8580712
5467693
5462925
8652814
7587073
8564916
5440896
8645697
8580857
5494209
8650319
8651576
28770
8648621
8587404
6323
8646734
5437640
6197
5465682
8580746
8652197
8591335
6574
8651417
28963
8651151
8570738
33905
5491099
8649815
8645983
8584095
5466405
5505451
8648004
5492957
8587843
8564772
7577363
5463866
8579554
8580560
8588721
8649697
8651037
6225
28843
8590757
8588006
8569365
8646807
8651884
8649746
28942
8591617
8645760
8648711
6521
8651808
8649566
8588065
8651413
8645846
8650794
8581222
8646384
8591852
8587432
5468592
5465160
6556
6231
6517
5464063
8586336
8645798
5505532
5502168
8650644
8569399
8646466
5494266
8578724
8565749
5465159
8646915
8649715
8647647
5467934
8571720
28768
8651744
8570090
8649001
5470086
8590742
7962462
8650012
8649659
5494909
5467960
8650487
5467730
8590708
8646469
5469238
8651931
8568807
8590772
8581303
8645710
8649672
8649060
8564585
5467205
5465652
8564628
5500681
8564773
5468621
8579772
8580703
8588738
8647545
8651230
8648903
8649231
6327
8581174
8578731
6357
8649453
8645698
8581023
8581043
8651038
8579484
8565374
8590603
8571641
8565094
5465705
8586309
8647048
8590875
8579490
5500939
8580969
28911
8590607
5479943
5486169
5465683
8586345
7527032
28863
5429082
8647072
5429081
8590859
8649187
6537
8587864
8651563
8649803
8578330
8564510
8587817
8647816
6380
8646037
28867
8588713
5502678
8591543
8578546
8651845
8590402
5466220
6252
8650880
8578641
8650246
5465690
5429662
8516939
5464064
8590720
6286
8586344
8565046
5464059
8564977
8584323
8578255
7951107
5429536
8646240
8565049
8587948
8588904
8651374
8652360
8580671
8579425
8579505
8648700
6561
8571725
8590724
8580733
8569476
8578320
8647004
28879
8651162
8646290
8587856
8579731
8565066
5466417
5490499
8588746
8565737
6485
8648501
8579426
8588508
8648151
28910
5450355
8580736
8580901
5469333
5467686
8565516
8650855
8650912
8569396
8590920
8650631
6545
8584152
5467708
8580802
8651212
8578579
8565012
8580737
8565416
8564962
5465667
8564667
6188
8591554
6536
8583849
5444287
8569343
8586318
5467725
8565231
8650505
5463098
8580881
5465644
8648233
8649093
8646951
8578606
5440895
7587783
8584173
8580805
6294
28931
8578703
8587904
6498
7586750
6292
8649630
8590634
28908
8591492
8649878
8648311
8584223
6427
8650605
8578297
28928
8591608
8649633
8578633
8583980
5465665
8651378
8580787
8592443
8650329
6347
8649694
8590780
8522637
8651577
8647180
8646186
5465661
8650781
8580889
8649641
8649401
8650391
5464959
8646682
6423
8578897
8579738
8645579
8645593
8590899
8581117
8587876
8565214
28976
8590766
28950
8571637
8578722
8646084
6399
8587402
5489042
6482
28812
8584305
5467842
8647480
8569597
5464952
8588711
5461010
8584076
8646119
8592441
8590731
8580739
8564665
8648213
8580618
5468595
8590741
6261
8591614
8651696
8648056
5465643
8646896
28819
8650724
8569292
8580936
8647297
8648605
8651652
5444288
28902
5451102
7583524
8645668
8590827
8646265
8584312
5468594
5494208
5502446
8579546
8650830
8649930
8648909
5465903
8587728
8580690
8586652
5464034
8645552
8649767
8569488
8586719
8571731
8651310
8586653
8569359
1746
8584232
8651828
8647179
8565451
8591645
28891
8649797
5467936
8587918
8650134
5494945
6538
28962
8647094
8590685
8588063
5468586
8652035
5464945
8650157
28818
8579575
8647026
8564750
5467682
8578637
8565821
8590861
5465651
8565146
8645895
8587686
5464962
5467703
5461014
8648481
8648548
5468572
8591483
8648167
5468623
8584151
8590673
8565719
28890
5465896
8578670
8583989
5492267
8650959
8580786
8579492
8647896
8588013
8584285
7961643
8564820
8651602
8652217
5502832
5477427
5465689
8645623
7577564
28912
8581232
8565342
5467727
8578628
8645982
5467807
8584264
5502693
8583988
8569336
8649036
8649186
8591570
8565192
35141
8648257
5465907
2676
8584761
8647033
8651108
8645818
8578574
8648438
8651876
8592261
8580769
8649560
8571176
6363
8648021
5477689
5475815
8565664
6215
8569485
8590911
8648161
8591634
8581179
8587902
8580989
6305
8590653
5497129
8646777
8564832
8588500
6229
8590898
8648806
5467825
8587338
8650975
5450229
8646534
8578875
8651967
8648400
8590896
5502470
8650235
8590359
8591661
8590726
8652483
5467706
8564719
8651948
8578329
8590903
5466406
6539
7190602
823082
2768116
2862280
1817744
2359678
6365799
5136043
739322
6742067
5149456
2760611
6058035
5675326
3781580
4690687
241966
6382213
7005654
1134619
7250351
6139470
5630221
2279805
2482349
6015674
5731548
265613
2315538
2783042
6320365
3805836
2832531
894041
1156194
7234895
3701711
4331672
6350515
2376405
6771552
6724914
2279328
756558
2784849
5638856
1160818
4075093
4069943
4335604
3640778
823539
3353540
1906794
6077449
310376
779053
5654563
6136937
7235882
827638
6320711
4344835
4332365
7056905
4962384
823530
2846296
205141
3518286
4693978
4235561
5712980
180236
776580
2760803
2875548
214940
270620
2373027
1204445
806688
166836
162665
835931
5630481
4945390
765284
3957380
7216003
1200689
7061705
5707740
741648
6314756
4220673
1177347
1861771
1773343
5008252
7283320
817744
313160
7030564
804759
5378616
756941
4217558
258413
6142326
4067004
6148791
6130878
7241749
4988071
8566422
4016521
283176
1160626
1288299
7020173
2851042
276445
7032140
6986214
907034
830657
1832231
2513022
5350626
1309227
7023759
6356024
3982750
2833410
4341427
3401485
6744585
7519144
2777701
244683
6774354
282088
3729517
6705943
1911955
6382462
1801902
1826433
7053149
6315595
7027311
2272638
747483
2852521
163048
4343051
159222
6028456
4282125
2849574
1186612
2287331
2767691
4070954
4001964
5157098
2386978
906595
2481281
7060559
3713377
1162422
6330230
4670200
1124754
1172212
7219925
6044904
3956601
3526960
7198329
3476808
2466916
6403865
6981947
7243675
2837261
812033
4011989
6020411
5352359
1797754
3753695
5736324
7239172
6016033
1765071
2832811
1774664
4963077
781891
2280345
773038
7250208
3275203
2793604
6982011
4680607
1256852
6381733
7205407
149250
3523381
4656587
6985458
3763343
4291588
2466009
916285
311299
4964636
5709704
2802278
7233560
2878801
1128836
7280794
217442
3822390
5007045
7233263
3814768
1306607
845710
5144016
311335
4346666
4712999
4269742
5659048
5136082
2806672
6366444
1139318
5348809
5645950
6755028
4946745
2332322
3724278
1913223
6071360
3814649
4265020
6145465
5170156
4255615
891921
2845757
4277847
2427098
2825816
7286980
1772733
4297910
5006324
4039988
4303867
164053
3707629
7205221
1205007
3750805
2426942
4306945
2789232
2927406
1853759
1317806
1912837
7233899
743755
179502
4049343
153002
6312996
2803956
6337481
3992084
2481741
5742452
159967
313588
6047192
1914734
2819057
2380843
172268
4347569
1139402
6408958
4971477
798680
2933868
2420010
4657174
7579881
4050821
1873529
3387546
5734148
4309357
1839551
5114041
6977305
2923936
6029025
5647027
2481158
3717553
2866480
7194512
4282323
1857042
7185176
4025180
5672592
1840596
5697133
1781568
5736232
5524382
5743224
2315982
4305027
830015
2816947
172014
759487
7281490
2772733
747328
6388515
3782726
329935
2768396
2339601
2485457
1838191
5731302
6735929
2483600
6701855
4012141
5001655
902970
7215971
912321
5179508
2817897
1307870
853469
324093
892435
5742486
6338664
6081312
7203958
4077473
6029253
5647369
2843910
7190931
3788746
7225996
4279308
2392561
828963
5593823
4068399
277142
901470
6054140
4662814
4280970
2774058
4309474
824221
1866301
6326476
2482682
4239369
5113322
2309019
4728135
4073559
4342224
153258
7276764
2513263
5704188
2376905
2328399
2923257
4347316
1229747
4252955
336565
6976782
4079601
6045831
4003574
7587739
4339245
7031820
5663697
2325566
3772787
1198716
1125840
1129453
4016007
2784658
2831957
6080526
4341119
5732991
4288965
205790
2318277
6070616
2843589
7197306
822611
6085649
2879268
6077605
905838
171591
4341746
4330024
5154672
2801978
321153
7034851
2855207
6084252
4680889
6421291
890003
188909
2312435
1167768
3979162
1804057
5702162
6052456
5355555
4252697
1175769
2342009
6751307
6388149
6013252
1260166
5659964
1812130
1144594
803508
856802
2373406
170376
4296684
4651115
3990147
1908706
783000
3698633
3469564
3957096
5129943
2797895
4252600
6326088
7286397
1834377
7063848
5377886
7064205
2824740
2366270
741261
182282
2796755
7061764
6775282
1205242
2373964
250106
1233463
904190
4034970
5422300
6706380
3336588
5711131
1286819
270244
4735254
2274608
1912125
7190362
2821905
1915277
736908
7208884
3718947
2338872
1152314
4330914
856975
3336813
2513916
1762080
2861004
2281457
2361052
4227115
6137866
7587059
310837
3411646
2285472
4946585
6715585
2856635
4250801
2772994
1140744
6029181
6413585
4732628
7017627
4212365
1310956
3978180
2497730
1294632
7186977
810052
6302922
2324350
830666
2521660
2338234
1248927
6302383
4704144
1190620
4275205
2329781
3972675
4934180
4267649
6028308
1241616
2819227
6027275
1137240
2828407
3811889
6097418
2427740
2484204
2482431
248337
855801
4215729
4234623
791187
862244
7018170
3754273
1918521
1232012
1828214
2861170
3963971
6731054
3727347
2851413
2770668
2774256
263956
3762474
241923
4730366
1217251
3820841
3991489
6018159
5354853
6412405
6298037
312386
6414459
4732981
6981051
2878550
4072551
1837521
3806919
3387560
7261272
3712178
2294043
3730154
3969719
779819
1802020
1760758
260352
6358700
1808576
4946368
2768918
6686036
7054846
2837652
2302992
3970171
1846487
4297143
5686994
1147369
3666289
6082065
7188657
5639543
2811117
1247101
784427
4339297
785205
4020873
4344237
4344114
190581
3963915
1743584
7506759
8642353
1754397
4632659
8601374
3680852
122880
8619688
1749216
8628806
8637875
107912
124369
8621666
114066
115408
119904
4633441
110233
7487251
1739771
4631271
7484503
4636776
3269913
4623411
3689693
100656
123535
8621129
8620456
125258
4622551
8622554
134761
4639053
1720765
8644697
8596541
8610933
1753578
8612253
8598140
142269
3693646
3690220
1746275
8639961
8623498
3691180
1728116
8637203
8592717
8600720
141974
4632320
107310
8641930
1754017
3680594
7467450
1757505
8612703
4618510
8615118
1755805
1735039
1724046
1740070
1736527
3682091
4635098
4622061
8622014
130060
1756667
3272209
98162
1754047
1741587
8612892
3270375
132401
4618701
102429
127360
1750228
145889
1745472
4635962
8622276
3680455
3270945
3688968
1742978
3691719
128946
3686996
3272184
8592629
1725117
1726587
4644980
4628977
7494175
1739108
8617388
8640920
8617944
8630661
8612903
124210
4630940
8628028
4636592
8614478
136412
98732
4618870
137061
8631683
1730068
8627206
1751886
102964
8637221
8637640
1741483
8608912
140547
1735008
1722074
7486830
135406
1751139
120448
8602126
1724753
8604759
1736433
7505428
8642594
8619770
4625746
7514892
3267308
1741507
1724968
106967
3268061
3268167
7514776
1733625
8621076
108186
127961
144621
1748850
1742208
3679134
1753160
8620734
4636741
3267808
8636277
1730094
1743157
8618136
8637081
7515496
1729307
8598701
8632908
3694306
142292
8626049
3693911
3270034
77885
1721360
4634874
1737477
8596097
8600030
8643726
4634304
7469823
8599890
8625871
8652890
1748155
101546
8640760
1720623
3694725
1725070
8593725
8608332
8629821
138796
8622420
8607992
4627246
8641422
3684109
102113
1725966
138389
1745354
8610165
8621083
4638823
109784
109840
98342
3272284
1759754
8627704
8635598
118028
3269804
4632586
8632166
4622369
8631073
113422
127787
8620591
3265021
113756
1753119
1722424
4633986
113813
1737586
140613
1730139
3681520
137882
8613399
3267265
5347367
4629477
7515465
1721051
8599393
136774
8643505
8620689
113281
104256
1738036
4619551
4641039
8630564
1732747
8600259
130223
3263761
1735444
106715
1736337
8597131
3687496
138576
120748
8604816
4618607
144535
8623151
1731099
3679256
7469103
8623539
1739232
8638123
8639744
108917
3684186
7481360
1746852
123889
7478309
117053
3264206
8604750
140084
111374
131732
8636351
8655019
8622705
110445
142913
106105
8607214
8611941
7500515
8617296
3270131
99462
146145
1727595
8611028
4626401
114407
127324
121518
1733084
3272117
1724219
8616936
4633648
3688335
8632340
8606794
106374
7496226
7479945
1725208
1745581
1759749
8603891
124888
8614369
3266543
8633102
8643018
98786
1756457
1758019
7482625
3692643
8609814
120459
8605504
3693298
128350
8654069
8608457
140705
141060
8654931
8639467
7481941
101314
8593396
4638773
8606430
8637956
3268229
7468950
1745387
141944
1720515
112613
4630445
1733038
1721963
7505719
8644625
7479910
124577
1727672
1720585
1741348
8623880
1732865
8638193
4626704
104431
7501219
8654866
1754948
8603774
113133
4637659
119179
8597427
1721085
3272346
8613503
4627334
7473449
7474069
8628245
8639308
145196
8627907
8600056
141801
8652932
3688060
126959
4633902
4632926
1748854
4640616
146700
128945
4643686
4644839
104524
8599840
8634768
8594519
8643134
4634426
98353
1724009
1728632
8637968
1752198
4625823
1744981
8637722
1755899
8620911
8640872
8620286
7468500
7471465
7490659
116468
3681940
8625540
3267513
3691465
8636063
139992
4639494
8624104
124771
1739072
1747700
3272260
4621523
137759
7490439
8628926
1730377
105142
3693389
110086
4643334
104826
4638866
8600227
8633655
7484779
103266
3269670
8604368
137084
145597
3265817
8605228
1759567
4630632
8608958
1748967
3270803
3682427
3269403
8610021
3268291
7500232
8631862
8594831
3694268
4626717
98279
121319
1740839
8618107
1755813
1726191
142142
3263159
8612939
132914
8635318
121010
101443
1744611
122391
131248
7467555
1725538
4627706
4642737
7482333
112621
8614907
8635526
8617947
3688558
8593055
4629641
8610226
4623779
1722550
3693158
118031
8610258
8632528
1728290
7485037
4623031
1727926
131558
142233
106706
128472
8634380
4631685
3682789
8614928
4624500
8639298
8613091
3265095
1737008
8633123
4622026
7517229
129782
130646
3692109
8619480
127130
1749877
1753998
110407
8626211
1724846
129411
3268723
3271301
1747414
8617479
1758422
103835
1737119
140453
8605953
1731438
8628161
1755837
8608684
130655
101182
120796
3268358
1728500
7515891
4622315
8596453
7497138
3691993
8611616
1750463
122810
4626644
8616511
8616658
8642856
8622831
3690932
1747229
7501283
3691548
7516942
3680381
3268055
3267507
138062
3273245
8654017
120695
7495184
142111
8644692
135949
8594733
8598020
103901
8601690
1755574
8594164
8600624
8630304
8595197
102643
8628157
121687
8608797
8578237
8608425
3266474
3688956
8605800
8627459
109472
3684582
3688135
3263343
115938
1729177
99409
8644524
144167
1742772
127494
1759320
8625087
141755
8623512
8619801
1741580
113088
1730472
1749857
8599113
4619804
1726036
4621627
3266966
125935
8653648
1724654
4634693
8625715
7505190
101184
1757543
1728617
139437
4640108
8623403
135611
1746522
1726757
1754240
8637448
1729341
3679779
4635174
3681090
5485094
6642391
702266
4863598
7333531
4557176
3601055
3477363
4911230
3147573
5958963
3827437
1438817
6583093
7384120
6894812
4397873
2270617
431581
3879651
1600150
584001
1378496
1686077
1543542
4859497
7381822
3247793
3866439
4836891
3307465
4893248
5196982
589212
3938481
585301
717100
3249694
3938736
3015373
6826283
1557763
6563869
5861219
346505
4444440
5930424
2270632
4533457
656979
3235082
3194949
3100197
5186798
653458
3018622
1532429
5965910
3849981
637077
1625748
1450677
1583220
6482894
5887447
6449463
2156215
4407304
5960068
2169826
1550760
3825809
5398933
5326025
6002341
6543555
4360016
625029
1509982
4614977
3934459
4781442
2973693
3902822
6597122
3905514
5832733
3126514
1456300
4477158
1994996
4575714
3830571
3843479
717455
4411902
3850269
3846999
5864205
1406824
2949457
6794769
1699578
2007546
6666089
6478537
5997862
6467646
6886794
546231
3900892
3950456
4859198
5792231
1625613
5402457
5874693
1710066
3861373
5994024
3871976
345234
3904488
5913659
6664680
4847103
2955032
4883412
6569741
557603
469151
3147670
4841891
3873850
3048086
1979932
5920261
5271598
3098684
6462019
6531988
3010495
2014993
2016299
6497004
4581546
7456103
1440457
2116786
5750732
4886645
4530854
5816354
4419543
6872486
1582849
6954308
3136211
2232571
1978704
625337
570380
5224491
6921752
3844314
3655592
732562
3291883
400309
472819
1324231
5942025
3447835
1558081
5822446
4772508
7437676
4840781
4401183
1369417
3201378
4502244
6592493
3025880
5836487
6627825
6875181
3170078
6534366
7344328
5834694
3310756
3859964
6608064
598510
6582283
5625003
4882552
3254109
418691
1505980
2952678
5256812
600820
605226
2225790
1592700
609951
3134870
4506065
6818698
362381
1379901
7314286
4824892
4408031
1947190
5814478
3158083
3304852
5203076
3025043
5954255
2228297
4831932
5229898
3654332
2014765
5373463
7409082
5295598
5185954
4764255
4887450
722165
5961832
1376300
1549682
3869519
1987979
477948
2135052
3489005
6542346
3039443
5948407
2077592
4918347
4518996
7408946
4517654
631179
2083470
6838217
6474704
4894208
1462888
1576030
3014661
4476256
6553057
2245701
4772094
5236683
715597
5992873
6479259
3257993
5795863
6795457
2996997
3904984
1341865
3599032
4841357
2048016
1385618
5811071
3123114
6629229
6424777
3318837
2184278
644520
1415226
5420317
1503099
4837620
6537390
4919637
5316691
1398552
4573509
522574
3832962
4863185
5905687
6833909
3107465
4788902
577736
3078601
6811018
3844516
3497479
518276
3419827
3014906
3653594
4407212
7350693
728193
3121290
5285937
1995964
469738
3167754
1432915
7303294
722940
3676633
5783146
1562135
1446016
5824961
6612316
1978673
3828951
3832270
6003266
1459613
646430
728639
2951510
6482916
1656405
5608344
568434
1978081
346884
4611859
5781383
6859106
4556832
6825063
6866472
1582800
4386383
3026108
6667685
1936824
3019838
6793385
1606930
1996029
1535275
3435403
5241916
4514174
1534137
1380397
7447011
7401111
448589
4879392
2983943
1399137
4429281
3950457
4781029
4919267
6594347
6680393
5423792
5516284
3015714
7367294
430621
600967
4750644
5183399
3912109
1542286
4494948
3262144
7305093
472803
4778215
5825244
3486204
6581847
6941502
345954
4363997
1691701
2943531
3195747
5831161
2995199
4868414
4829148
3621189
6942156
4827787
1718136
3192821
5233148
2025873
5932420
3863708
4565239
5955747
3002461
1929945
3842526
3884102
588191
6557707
4519429
1688000
3897919
5344355
1608164
7297591
542875
1509292
4401284
4572750
6545148
1490312
517653
3079596
4859738
7462605
3034212
4431993
6889056
6581617
3114071
6499451
4856597
4918260
381618
6585607
6465573
5900580
3444243
616928
2211683
2088342
566301
511305
4832235
4364053
3844557
6554667
1453997
3953020
521796
2016329
4784957
722348
4876402
2225074
2028478
2007887
7370912
2114917
3824366
7369608
566957
2046175
4749678
1497141
1520226
1702027
625725
4617864
7298302
5832327
4505913
651288
6580830
5217713
5791585
715213
406102
5400253
2027305
3306687
6804285
1406077
4870102
3043184
5998124
6937354
569687
5401918
566939
5217994
6627295
6610780
1920904
3668328
5948405
4502270
5888868
2233954
4753127
3880576
479898
463691
1623261
1921270
4472943
1690075
1631137
3325294
4487663
5960359
1462921
593559
3294652
3455381
6430397
614741
1984783
542052
1367948
5412164
3046497
2237824
1525535
1380030
3654309
2201405
2962011
7339021
3163986
4524307
6496918
6424310
3517880
1937927
2168954
1351229
6536142
6425609
1386873
4837162
5812351
3123435
5825529
508508
5829584
3955568
1503779
1654185
4415826
1713125
3044644
4517455
4378488
5411650
5298581
4450329
1937514
3240942
2967953
3844065
1492205
542805
3869561
2973726
3830780
3191317
5965037
4914100
3617874
3163117
3900702
6502076
1930581
3110206
3005628
5753365
525173
1525663
1691447
1931242
5957473
6622786
532563
6933157
6544699
6896925
2988953
3863797
3905648
6581742
1689659
1717810
5209144
3901263
1508672
4570492
1384685
5368526
2041902
4364652
5189196
7317900
3904231
2950724
5890053
559142
5321128
3421462
1388402
588161
5889344
2143479
4412452
2151793
2183336
5410421
3905968
6556447
2952669
373574
1683438
3084378
4502190
718172
3198536
1923422
3660584
1605954
5929350
4351968
2131295
3447809
1698884
5211319
6006961
1980986
6004765
7395084
706329
1327793
117635
7499531
64026
289974
666651
146244
876124
143171
261631
140967
301879
770920
119458
7469357
57107
7482860
1267888
1640479
1657424
54064
1450326
7471630
1444716
286515
64050
51046
286795
69450
77409
872710
5983019
69898
37795
6018387
1665727
8619577
8579209
82027
68830
1434139
4319547
795977
193516
1333443
1175166
5970178
58766
7469493
1257566
72423
261515
94058
7479239
1668193
8621144
4510312
106048
629927
40981
5906941
1270681
5662231
221252
72460
121962
1474738
557931
6360305
60546
1615922
8581987
333946
7502033
74173
87167
1271743
290620
309289
6448597
1210195
72885
1673691
1662234
62957
6125805
3681006
44782
70668
106783
44901
636310
41444
4304424
1659415
72042
4532381
8587368
808781
536711
1667891
101471
103640
59207
65603
5485089
106376
52410
538082
145088
37292
1473937
125621
1482480
4431971
4362616
1383083
77741
1449496
872115
285350
86439
78828
142707
654628
47934
1275435
79221
4537240
70832
8587366
1473597
671517
112220
318989
7492906
146129
4592147
286703
45023
117150
79885
115984
72370
673313
4462040
6054692
5977583
319090
295218
8616955
7479590
8635166
676403
56523
319024
687571
53899
45646
77760
3691858
39983
1476627
1531738
7484968
53559
118751
6383196
3792668
3791716
6648293
1437873
92488
8610256
686896
42225
330076
152643
65485
41806
76851
41409
50207
813193
1444377
57035
5984848
7468174
292025
764616
4439579
139333
7480659
1444119
42121
5722907
88672
73396
1670583
858489
8632318
66863
55166
1658317
5679035
3690782
279550
37807
1468877
8607013
261695
1471110
6118166
8637361
4059294
4322399
43794
5980213
673134
105111
71481
64904
314115
50521
7471868
6119897
314751
1475439
7511506
111558
127911
1467818
4463984
6091452
37895
867272
1449434
84660
61479
58355
1467333
654986
52180
3966708
858452
143489
6117464
39230
1616699
139354
1478488
1380498
53281
796804
1664205
6057028
40535
1662760
862291
291605
71577
4566454
45611
878659
256313
3965565
7468120
92265
71634
78435
1477739
8581989
8618444
7472228
1467675
90967
1438062
41062
256007
300691
71283
202186
1603641
69917
77792
293337
73479
877972
8610556
137455
3796928
5637099
5719424
1622687
73420
94284
131687
114806
299238
59635
4461141
57202
315273
3694234
8636618
5722017
1475947
1257442
41447
7478091
59610
40114
1475437
145166
689509
8633564
143547
70951
5882915
1608439
132159
8639333
672341
1667565
79026
1243378
92496
102002
1603951
287951
261835
6636923
48397
680272
287800
7481890
74851
7476333
4521964
60549
52146
304903
57521
882136
91716
279068
832816
102584
127903
675716
145151
1674010
1665283
58705
287870
1465891
1443015
294347
286592
6047348
1673751
8587367
302609
103604
8587344
1662645
536017
870387
50597
63241
1405623
94156
64504
7483163
79952
826346
1573983
8581399
1478123
1154733
72826
534635
6514833
77140
1675329
131981
51358
91869
1468410
8565898
5440958
70189
300496
135856
6135136
672601
91847
53300
36534
59984
687731
7482052
333844
3694098
1375336
293590
336775
295671
81812
53345
292204
868685
145121
6120419
91181
1173747
1460751
1247888
1419618
1478771
79469
7508719
66235
40367
6121984
1660839
144225
39222
43916
60953
7485657
71632
43918
314199
44469
1665036
8623046
299995
1471949
7503873
6398715
296205
79050
3687687
4319037
46306
5915974
1473154
84010
796766
1227719
105167
843458
1673695
687679
226466
116976
1666101
547662
3960598
4449126
1482285
682117
285231
76055
7497266
5712210
643659
136556
7479568
5951036
56083
56411
1202916
5980678
7486280
50273
682292
854693
60028
48953
7477432
598053
8592593
7492182
6061347
65550
52685
604402
66095
286593
40901
812892
8636386
1437869
136353
6125850
297895
1666297
333616
664828
4289571
4454894
825515
1208340
882517
314113
54658
287472
62509
133250
4521129
4315433
4295515
1382425
5485086
4449011
643040
1346251
7489804
4431903
108919
649381
6341417
654573
7476051
8621004
337073
93912
1468428
61600
7476638
71908
1661617
56770
7481861
3793211
53734
1478993
6073380
40520
4438485
5657292
72313
674709
1477177
874187
4510547
1270991
286955
3965266
294880
45352
1405577
287148
103319
101911
42500
144337
8608368
73331
5970176
42801
5740914
69790
680978
1275424
314057
1666937
4022069
84189
92846
1671926
62676
298056
8628994
8581990
331225
538236
256604
292024
7476424
6390701
5704830
69785
1472937
239775
4060432
300498
292011
51572
7472091
137691
42895
6386875
7490646
85434
40214
3689801
55459
44993
1264767
3682114
334264
51098
240356
136144
4315910
36675
78928
1473009
62350
4435491
79260
3692217
3691433
37831
6074124
1676735
54163
1478589
69640
118856
7467826
6392711
1262400
70791
48864
72040
42539
39982
88231
49848
1264831
1658129
1265800
4593957
94880
51827
666334
538077
7465854
8631438
103731
71066
7465103
8606520
8596929
683996
5982901
140945
8590378
8650570
8648761
8646821
8581810
8581433
8646619
8646392
7587667
8648262
8565417
8646793
8646901
8648573
8646645
8652225
8590260
8650020
8581198
8649144
8647496
8646334
8649114
7578184
8646972
8651256
8648129
8646010
8588763
8565124
8578265
8651614
8649845
8652421
8650670
8565557
8587696
8646088
8650927
8652778
8651897
8590617
8651093
8647365
8647203
8588307
8587484
8650924
8590856
8587720
8651896
8647925
8565164
8579709
8565045
8565727
8649197
8645677
8648783
8651074
8649516
8565347
8646040
8649938
8578545
8580955
8649072
8565173
8646800
8650663
8645631
8651115
8578425
8592016
8648242
8651436
8649041
8646479
8588192
8651767
8647419
8588339
8651170
8591301
8565071
8652294
8645767
8580572
8565829
8649146
8651388
8565420
8650932
8648679
8648128
8647968
8646697
8591213
8649883
8580589
8651336
8590610
8565784
8564635
8647403
8579416
8651641
8646323
8646364
8590255
8578340
8650019
8646970
8651770
8646086
8588215
8650563
8579496
8591073
8564904
8651092
8590902
8652607
8652423
8564721
8651216
8652144
8648402
8646536
8649615
8648880
8646443
8650273
8649367
8565101
8652296
8646391
8651610
8580946
8648100
8565282
8581040
8579420
8651791
8650043
8581460
8579355
8645957
8580493
8648321
8591588
8587689
8564821
8578684
8565705
8578753
8652166
8650662
8647427
8581845
8652221
7578496
8647406
8650904
8565364
8647551
8587446
8580918
8581173
8581219
8581501
8580775
8581187
8650760
8649733
8650087
8650469
8649118
8581500
8650395
8651111
8647226
8578739
8564778
8648415
8580783
8646270
8590979
8581236
8578267
8564556
8645629
8648849
8564638
8649546
8591079
8578586
8565466
8590824
8578263
8646968
8581499
8647454
8651077
8649296
8580833
8578593
8651383
8564948
8587682
8650225
8649935
8564557
8647801
7586851
8591121
8650590
8651973
8565110
8565149
8651089
8645821
8648678
8646556
8581761
8652108
8580832
8646121
8647423
8581294
8565201
8587729
8648234
8650041
8565726
8652694
8565637
8651974
8565544
8651292
8646325
8587483
8565463
8651819
8646802
8652755
8565787
7587780
8581202
8651913
8581195
8581808
8647486
8647370
8651899
8579347
8565462
8592519
8581203
8647983
8579478
8647880
8580548
8565268
8581147
8578305
8647934
8581457
8590793
8649190
8590943
8565702
8578671
8578859
8647799
8648822
8587916
8564867
8590331
8651715
8565275
8581933
8588501
8578917
8581152
8648612
8587397
8579253
8587702
8648116
8652292
8651171
8565675
8650606
8565015
8580838
8581288
8590329
8590523
8648267
8565075
7577976
8580677
8587853
8647204
8650901
8647142
8648733
8581211
8652804
8565199
8565019
8580777
8652638
8590905
8649273
8648782
8588216
8651613
8578925
8652168
8588044
8580592
8647755
8580792
8646108
8647609
8649255
8590808
8587395
8590323
8580609
8565541
8587917
8647654
8590285
8564518
8651166
8565070
8652015
8647495
8590737
8590539
8564872
8650658
8645832
8565403
8565278
8646848
8650299
8652611
8648119
8580759
8646335
8564899
8651075
8579039
8581287
8590935
8648099
8587866
8580907
8651901
8649776
8648268
8592035
8588235
8565263
8651039
8648550
8647363
8647366
8646627
8578616
8565307
8588094
8587923
8565548
8648930
8565365
8581075
8587356
8578672
8649732
8647752
8592484
8649617
8650086
8578650
8581850
8651725
8590299
8649987
8580642
8651923
8581077
8649730
8650765
8650138
8649984
8581346
8587569
8578245
8564563
8564641
8648727
8649370
8646274
8647131
8652222
8590809
8588231
8649991
8587681
8650930
8650657
8648351
8646671
8578456
8647966
8652471
8650903
8564837
8565408
8646439
8565399
8591295
8581965
8645163
8650981
8590938
8650934
8564517
8578334
8590651
8649638
8651515
8581214
8648162
8645770
8647877
8578638
8565610
7587278
8647327
8565108
8646394
8591660
8647843
8648414
8652385
8579499
8564606
8651332
8565560
8581068
8650801
8645828
8647007
8651172
8647611
8565834
8646331
8564947
8647184
8590891
8647522
8565097
8590364
8651541
8647080
8645829
8649087
8651360
8578763
8565830
8565333
8564993
8647578
8587452
8650700
8647379
8581792
8650466
8650227
8649542
8579526
8647132
8650136
8651333
8648101
8648449
8647780
8647405
8565099
8565852
8590747
8647527
8650491
8651362
7587174
8647311
8651006
8578931
8652677
8580644
8648266
8651584
8591486
8646767
8649543
8646695
8580681
8652145
8647938
8588199
8646216
8650046
8589318
8590977
8651481
8650839
8591659
8587458
8647485
8650270
8564645
8565269
8565351
8590254
8652781
8650085
8579480
8587697
8580491
8649115
8650269
8588871
8590335
8581848
8646337
8591076
8650058
8578664
8581842
8648179
8565706
8648344
8590807
8579356
8651509
8646824
8651703
8564943
8651114
8648345
8591280
8564753
8647429
8565200
8587480
8652107
8580608
8590342
8649088
8581554
8650232
8581290
8647205
8650347
8590338
8565494
8650027
8587941
8590614
8652758
8650267
8652242
8646763
8648624
8646505
8648120
8649294
8580531
8648682
8652609
8647581
8648581
8578653
8651618
8649852
8647124
8646917
8578887
8592483
8579337
8649674
8646474
8648422
8646613
8587900
8652415
8651908
8580678
8649936
8580985
8652291
8650194
8647137
8646557
8590327
8565525
8581851
8648246
8590926
8645896
8650567
8647367
8652113
8591511
8648448
8588292
8565044
8650228
8648614
8580586
8646799
8589851
8645536
8646273
8646877
8647847
8565018
8580152
8649854
8565493
8652388
8565785
8648724
8646875
8646106
8646322
8578317
8648514
8578885
8591294
8587711
8645733
8645866
8650418
